O=[[17.204650534085253, 18.110770276274835, 5.830951894845301, 18.867962264113206, 24.839484696748443, 16.1245154965971, 2.23606797749979, 20.0, 10.04987562112089, 13.0, 6.082762530298219, 21.02379604162864, 22.80350850198276, 19.4164878389476, 16.401219466856727, 18.35755975068582, 21.095023109728988, 13.0, 10.198039027185569, 18.027756377319946, 21.400934559032695, 22.67156809750927, 15.264337522473747, 16.1245154965971, 23.600847442411894, 23.345235059857504, 7.211102550927978, 17.4928556845359, 19.209372712298546, 20.09975124224178, 5.830951894845301, 23.430749027719962, 17.08800749063506, 2.8284271247461903, 10.816653826391969, 14.866068747318506, 9.433981132056603, 12.806248474865697, 4.47213595499958, 15.297058540778355, 6.0, 8.602325267042627, 17.69180601295413, 13.45362404707371, 24.596747752497688, 23.021728866442675, 9.433981132056603, 28.30194339616981, 23.194827009486403, 24.515301344262525, 43.266615305567875, 36.68787265568828, 45.45327270945405, 37.73592452822641, 44.598206241955516, 49.72926703662542, 37.8549864614954, 25.709920264364882, 41.617304093369626, 30.59411708155671, 41.88078318274385, 49.193495504995376, 39.05124837953327, 39.319206502675, 51.03920062069938, 27.313000567495326, 41.86884283091664, 37.16180835212409, 43.04648650006177, 25.942243542145693, 38.01315561749642, 29.966648127543394, 54.120236510939236, 48.46648326421054, 25.495097567963924, 41.23105625617661, 47.885279575251516, 38.2099463490856, 28.442925306655784, 45.617978911828175, 42.15447781671598, 27.730849247724095, 36.40054944640259, 33.37663853655727, 38.8329756778952, 37.53664875824692, 35.608987629529715, 34.785054261852174, 34.0, 33.421549934136806, 35.34119409414458, 28.600699292150182, 35.4682957019364, 34.655446902326915, 30.083217912982647, 37.64306044943742, 44.294469180700204, 41.036569057366385, 26.248809496813376, 44.40720662234904], [30.23243291566195, 17.72004514666935, 30.59411708155671, 23.021728866442675, 24.839484696748443, 19.026297590440446, 33.24154027718932, 29.832867780352597, 36.40054944640259, 38.48376280978771, 29.068883707497267, 17.08800749063506, 24.041630560342615, 30.610455730027933, 25.553864678361276, 22.47220505424423, 22.02271554554524, 23.08679276123039, 35.4682957019364, 23.853720883753127, 29.732137494637012, 25.45584412271571, 24.596747752497688, 38.07886552931954, 23.345235059857504, 26.1725046566048, 32.28002478313795, 20.8806130178211, 25.0, 15.811388300841896, 32.984845004941285, 29.0, 21.02379604162864, 33.015148038438355, 31.38470965295043, 34.48187929913333, 27.073972741361768, 29.966648127543394, 31.016124838541646, 36.71511950137164, 29.154759474226502, 29.120439557122072, 28.0178514522438, 25.709920264364882, 19.1049731745428, 12.165525060596439, 28.160255680657446, 21.095023109728988, 12.0, 13.601470508735444, 21.02379604162864, 8.0, 26.0, 17.26267650163207, 27.073972741361768, 16.401219466856727, 5.385164807134504, 10.44030650891055, 21.02379604162864, 5.830951894845301, 20.0, 21.02379604162864, 22.561028345356956, 4.47213595499958, 26.92582403567252, 12.806248474865697, 24.186773244895647, 12.041594578792296, 19.1049731745428, 15.0, 19.4164878389476, 12.806248474865697, 25.553864678361276, 18.027756377319946, 10.198039027185569, 23.194827009486403, 21.18962010041709, 26.570660511172846, 7.280109889280518, 18.027756377319946, 13.601470508735444, 13.45362404707371, 10.04987562112089, 2.8284271247461903, 5.830951894845301, 23.08679276123039, 20.248456731316587, 8.246211251235321, 13.92838827718412, 20.12461179749811, 12.36931687685298, 18.439088914585774, 10.198039027185569, 23.259406699226016, 10.63014581273465, 8.06225774829855, 18.439088914585774, 25.495097567963924, 11.180339887498949, 9.486832980505138], [42.05948168962618, 27.730849247724095, 36.069377593742864, 35.84689665786984, 40.52159917870962, 25.238858928247925, 36.87817782917155, 42.95346318982906, 43.93176527297759, 46.861498055439924, 32.55764119219941, 17.804493814764857, 38.897300677553446, 43.382023926967726, 37.12142238654117, 34.92849839314596, 36.05551275463989, 25.45584412271571, 43.278170016764804, 36.24913792078372, 43.46262762420146, 40.162171256046406, 35.35533905932738, 48.010415536631214, 38.600518131237564, 41.10960958218893, 38.948684188300895, 20.518284528683193, 38.07886552931954, 26.92582403567252, 38.897300677553446, 43.657759905886145, 32.202484376209235, 35.0, 40.0, 44.654227123532216, 28.42534080710379, 39.66106403010388, 33.421549934136806, 46.61544808322666, 33.24154027718932, 36.235341863986875, 40.24922359499622, 24.413111231467404, 34.92849839314596, 23.08679276123039, 35.608987629529715, 38.47076812334269, 21.18962010041709, 28.635642126552707, 6.082762530298219, 13.0, 7.810249675906654, 3.605551275463989, 7.615773105863909, 20.591260281974, 16.55294535724685, 17.72004514666935, 4.123105625617661, 17.0, 5.0, 14.035668847618199, 2.0, 20.12461179749811, 13.416407864998739, 13.0, 4.47213595499958, 8.94427190999916, 7.0710678118654755, 13.038404810405298, 1.4142135623730951, 10.44030650891055, 18.110770276274835, 15.811388300841896, 18.681541692269406, 3.605551275463989, 12.0, 6.4031242374328485, 18.110770276274835, 11.40175425099138, 11.40175425099138, 12.083045973594572, 10.770329614269007, 18.24828759089466, 17.0, 2.8284271247461903, 2.23606797749979, 12.36931687685298, 7.0, 4.47213595499958, 8.246211251235321, 9.219544457292887, 10.44030650891055, 5.0990195135927845, 12.165525060596439, 13.416407864998739, 9.219544457292887, 5.0, 15.811388300841896, 22.02271554554524], [36.138621999185304, 28.600699292150182, 24.331050121192877, 34.438350715445125, 41.14608122288197, 24.20743687382041, 22.02271554554524, 38.600518131237564, 31.0, 34.0147027033899, 20.615528128088304, 21.633307652783937, 38.91015291668744, 38.3275357934736, 33.24154027718932, 33.54101966249684, 36.235341863986875, 19.4164878389476, 31.016124838541646, 34.0147027033899, 39.84971769034255, 39.395431207184416, 31.38470965295043, 37.013511046643494, 39.35733730830886, 40.311288741492746, 27.16615541441225, 18.439088914585774, 35.84689665786984, 29.832867780352597, 26.076809620810597, 41.43669871020132, 30.886890422961002, 19.026297590440446, 30.4138126514911, 35.22782990761707, 17.46424919657298, 31.78049716414141, 19.235384061671343, 36.05551275463989, 21.587033144922902, 26.68332812825267, 35.73513677041127, 15.0, 38.27531841800928, 29.732137494637012, 26.92582403567252, 42.720018726587654, 28.42534080710379, 34.713109915419565, 35.12833614050059, 35.4400902933387, 34.92849839314596, 31.016124838541646, 33.24154027718932, 47.67598976424087, 38.27531841800928, 28.30194339616981, 33.13608305156178, 32.64965543462902, 34.058772731852805, 43.01162633521314, 29.274562336608895, 41.23105625617661, 41.773197148410844, 26.0, 31.575306807693888, 33.54101966249684, 36.013886210738214, 23.769728648009426, 30.01666203960727, 27.202941017470888, 47.16990566028302, 44.10215414239989, 28.844410203711913, 31.400636936215164, 41.048751503547585, 25.96150997149434, 31.38470965295043, 40.01249804748511, 38.3275357934736, 25.632011235952593, 33.95585369269929, 35.77708763999664, 39.21734310225516, 27.294688127912362, 27.018512172212592, 33.52610922848042, 29.427877939124322, 25.0, 31.575306807693888, 22.360679774997898, 32.984845004941285, 24.186773244895647, 28.792360097775937, 36.40054944640259, 38.0, 29.832867780352597, 27.294688127912362, 45.5411901469428], [7.0710678118654755, 10.295630140987, 5.656854249492381, 7.615773105863909, 13.45362404707371, 11.40175425099138, 9.219544457292887, 9.486832980505138, 8.54400374531753, 10.816653826391969, 8.54400374531753, 18.867962264113206, 11.40175425099138, 9.219544457292887, 5.0, 7.280109889280518, 9.848857801796104, 12.36931687685298, 7.615773105863909, 6.708203932499369, 10.770329614269007, 11.313708498984761, 4.123105625617661, 11.40175425099138, 12.206555615733702, 12.041594578792296, 5.0990195135927845, 17.08800749063506, 7.810249675906654, 12.083045973594572, 6.324555320336759, 12.529964086141668, 7.0710678118654755, 11.40175425099138, 3.605551275463989, 8.06225774829855, 12.041594578792296, 3.1622776601683795, 10.295630140987, 10.0, 7.615773105863909, 2.8284271247461903, 6.708203932499369, 16.0312195418814, 13.601470508735444, 16.1245154965971, 2.23606797749979, 17.0, 17.204650534085253, 15.132745950421556, 41.10960958218893, 31.622776601683793, 44.40720662234904, 35.4682957019364, 44.10215414239989, 43.829214001622255, 31.76476034853718, 20.615528128088304, 39.824615503479755, 24.698178070456937, 39.698866482558415, 45.45327270945405, 38.27531841800928, 32.31098884280702, 48.83646178829912, 24.08318915758459, 41.048751503547585, 33.301651610693426, 40.311288741492746, 23.600847442411894, 36.40054944640259, 26.90724809414742, 50.44799302251776, 43.829214001622255, 20.0, 40.22437072223753, 44.598206241955516, 38.91015291668744, 22.47220505424423, 41.86884283091664, 37.8021163428716, 24.839484696748443, 32.01562118716424, 26.832815729997478, 32.64965543462902, 37.21558813185679, 34.66987164671943, 30.0, 31.144823004794873, 32.7566787083184, 31.827660925679098, 27.784887978899608, 31.240998703626616, 34.88552708502482, 26.1725046566048, 32.449961479175904, 41.036569057366385, 40.8166632639171, 21.93171219946131, 37.33630940518894]]
C=[[0.0, 14.422205101855956, 12.083045973594572, 7.211102550927978, 9.219544457292887, 17.08800749063506, 15.264337522473747, 2.8284271247461903, 9.848857801796104, 10.04987562112089, 15.524174696260024, 24.698178070456937, 8.0, 2.23606797749979, 5.0, 7.810249675906654, 8.54400374531753, 19.1049731745428, 8.94427190999916, 6.4031242374328485, 4.242640687119285, 7.0710678118654755, 6.708203932499369, 8.246211251235321, 9.0, 7.280109889280518, 10.0, 23.53720459187964, 5.385164807134504, 15.620499351813308, 11.40175425099138, 6.4031242374328485, 10.0, 17.88854381999832, 6.4031242374328485, 5.0, 19.1049731745428, 4.47213595499958, 17.08800749063506, 7.0710678118654755, 14.560219778561036, 9.486832980505138, 2.23606797749979, 23.0, 12.36931687685298, 19.849433241279208, 9.219544457292887, 14.035668847618199, 21.400934559032695, 16.64331697709324, 46.04345773288535, 35.35533905932738, 49.73932046178355, 40.496913462633174, 49.64876634922564, 46.61544808322666, 34.828149534535996, 25.0, 44.94441010848846, 28.284271247461902, 44.654227123532216, 49.51767361255979, 43.829214001622255, 34.66987164671943, 53.600373133029585, 29.154759474226502, 46.52956049652737, 37.64306044943742, 45.0, 29.068883707497267, 41.677331968349414, 31.906112267087632, 54.45181356024793, 47.4236228055175, 24.20743687382041, 45.65084884205331, 48.91829923454004, 44.94441010848846, 26.1725046566048, 46.010868281309364, 41.72529209005013, 30.01666203960727, 36.124783736376884, 29.832867780352597, 35.608987629529715, 42.95346318982906, 40.24922359499622, 33.97057550292606, 36.05551275463989, 38.48376280978771, 36.40054944640259, 33.61547262794322, 35.4682957019364, 40.85339643163099, 30.805843601498726, 36.069377593742864, 45.45327270945405, 46.51881339845203, 26.627053911388696, 39.44616584663204], [14.422205101855956, 0.0, 13.038404810405298, 8.246211251235321, 14.035668847618199, 4.47213595499958, 16.0312195418814, 15.231546211727817, 18.788294228055936, 21.095023109728988, 12.36931687685298, 11.045361017187261, 12.0, 15.652475842498529, 9.433981132056603, 7.280109889280518, 9.0, 9.219544457292887, 17.88854381999832, 8.54400374531753, 15.811388300841896, 13.038404810405298, 7.810249675906654, 21.2602916254693, 12.041594578792296, 14.035668847618199, 14.560219778561036, 11.40175425099138, 10.44030650891055, 2.0, 15.297058540778355, 16.278820596099706, 4.47213595499958, 16.492422502470642, 13.892443989449804, 17.69180601295413, 12.206555615733702, 12.806248474865697, 14.560219778561036, 19.849433241279208, 12.165525060596439, 11.40175425099138, 12.529964086141668, 13.601470508735444, 9.848857801796104, 5.830951894845301, 10.44030650891055, 14.317821063276353, 7.0710678118654755, 6.708203932499369, 31.622776601683793, 21.400934559032695, 35.35533905932738, 26.076809620810597, 35.34119409414458, 33.54101966249684, 21.470910553583888, 10.63014581273465, 30.528675044947494, 14.422205101855956, 30.23243291566195, 35.38361202590826, 29.546573405388315, 22.135943621178654, 39.20459156782532, 14.7648230602334, 32.202484376209235, 23.345235059857504, 30.610455730027933, 14.866068747318506, 27.294688127912362, 17.4928556845359, 40.36087214122113, 33.60059523282288, 9.899494936611665, 31.304951684997057, 34.655446902326915, 31.04834939252005, 12.206555615733702, 31.827660925679098, 27.65863337187866, 15.652475842498529, 21.93171219946131, 16.55294535724685, 22.360679774997898, 28.792360097775937, 26.0, 19.849433241279208, 21.633307652783937, 24.351591323771842, 22.02271554554524, 19.6468827043885, 21.213203435596427, 26.92582403567252, 16.401219466856727, 22.20360331117452, 31.144823004794873, 32.31098884280702, 12.206555615733702, 27.202941017470888], [12.083045973594572, 13.038404810405298, 0.0, 13.038404810405298, 19.1049731745428, 12.083045973594572, 3.605551275463989, 14.7648230602334, 8.06225774829855, 11.180339887498949, 4.123105625617661, 18.439088914585774, 17.029386365926403, 14.317821063276353, 10.63014581273465, 12.529964086141668, 15.264337522473747, 10.63014581273465, 7.615773105863909, 12.206555615733702, 16.1245154965971, 16.97056274847714, 9.433981132056603, 13.341664064126334, 17.804493814764857, 17.69180601295413, 3.1622776601683795, 15.620499351813308, 13.45362404707371, 15.033296378372908, 2.8284271247461903, 18.027756377319946, 11.40175425099138, 5.830951894845301, 6.082762530298219, 11.0, 8.54400374531753, 7.615773105863909, 5.0990195135927845, 12.165525060596439, 3.1622776601683795, 2.8284271247461903, 12.206555615733702, 13.0, 18.788294228055936, 18.439088914585774, 3.605551275463989, 22.47220505424423, 18.973665961010276, 19.1049731745428, 41.10960958218893, 33.1058907144937, 43.86342439892262, 35.4682957019364, 43.278170016764804, 45.880278987817846, 33.83784863137726, 21.93171219946131, 39.6232255123179, 26.570660511172846, 39.698866482558415, 46.32493928760188, 37.53664875824692, 34.92849839314596, 48.91829923454004, 24.413111231467404, 40.36087214122113, 34.132096331752024, 40.607881008493905, 23.430749027719962, 36.069377593742864, 27.202941017470888, 51.31276644267, 45.17742799230607, 21.540659228538015, 39.6232255123179, 45.221676218380054, 37.44329045369811, 24.351591323771842, 42.720018726587654, 38.948684188300895, 25.0, 33.12099032335839, 29.120439557122072, 34.785054261852174, 36.235341863986875, 33.97057550292606, 31.304951684997057, 31.400636936215164, 31.89043743820395, 32.449961479175904, 26.90724809414742, 32.2490309931942, 33.60059523282288, 26.92582403567252, 34.0147027033899, 41.617304093369626, 39.824615503479755, 22.825424421026653, 40.024992192379], [7.211102550927978, 8.246211251235321, 13.038404810405298, 0.0, 6.708203932499369, 12.0, 16.64331697709324, 7.211102550927978, 15.0, 16.278820596099706, 14.866068747318506, 19.235384061671343, 4.47213595499958, 7.810249675906654, 3.0, 1.0, 2.23606797749979, 15.524174696260024, 14.0, 1.0, 7.615773105863909, 5.0990195135927845, 3.605551275463989, 15.231546211727817, 5.0, 6.082762530298219, 12.649110640673518, 19.026297590440446, 2.23606797749979, 8.94427190999916, 13.92838827718412, 8.06225774829855, 4.0, 18.439088914585774, 10.04987562112089, 11.704699910719626, 17.0, 8.0, 16.97056274847714, 13.92838827718412, 14.142135623730951, 10.295630140987, 5.0, 19.924858845171276, 6.082762530298219, 13.038404810405298, 9.433981132056603, 9.433981132056603, 14.7648230602334, 9.433981132056603, 39.44616584663204, 28.319604517012593, 43.382023926967726, 34.0, 43.46262762420146, 39.408120990476064, 27.65863337187866, 18.35755975068582, 38.47076812334269, 21.2602916254693, 38.07886552931954, 42.5205832509386, 37.69615364994153, 27.459060435491963, 46.87216658103186, 22.847319317591726, 40.311288741492746, 30.805843601498726, 38.27531841800928, 23.08679276123039, 35.34119409414458, 25.495097567963924, 47.4236228055175, 40.311288741492746, 17.4928556845359, 39.395431207184416, 42.01190307520001, 39.293765408777, 19.209372712298546, 39.05124837953327, 34.713109915419565, 23.769728648009426, 29.206163733020468, 22.67156809750927, 28.42534080710379, 37.0, 34.17601498127012, 27.018512172212592, 29.5296461204668, 32.57299494980466, 29.68164415931166, 27.892651361962706, 28.600699292150182, 35.17101079013795, 24.186773244895647, 29.0, 38.600518131237564, 40.496913462633174, 20.12461179749811, 32.2490309931942], [9.219544457292887, 14.035668847618199, 19.1049731745428, 6.708203932499369, 0.0, 18.24828759089466, 22.67156809750927, 7.0, 18.973665961010276, 19.235384061671343, 21.400934559032695, 25.0, 2.23606797749979, 8.0, 8.48528137423857, 7.615773105863909, 5.0990195135927845, 22.135943621178654, 18.027756377319946, 7.211102550927978, 6.082762530298219, 2.23606797749979, 10.0, 17.0, 2.0, 2.0, 18.027756377319946, 25.317977802344327, 5.656854249492381, 14.035668847618199, 19.4164878389476, 4.47213595499958, 10.44030650891055, 24.758836806279895, 14.7648230602334, 14.142135623730951, 23.706539182259394, 12.529964086141668, 23.430749027719962, 16.0312195418814, 20.615528128088304, 16.278820596099706, 7.615773105863909, 26.570660511172846, 5.830951894845301, 17.46424919657298, 15.556349186104045, 5.0990195135927845, 19.4164878389476, 12.083045973594572, 43.46262762420146, 31.38470965295043, 47.75981574503821, 38.27531841800928, 48.08326112068523, 41.012193308819754, 30.0, 22.80350850198276, 42.720018726587654, 24.596747752497688, 42.15447781671598, 45.48626166217664, 42.44997055358225, 29.0, 50.53711507397311, 27.65863337187866, 44.9221548904324, 34.438350715445125, 42.04759208325728, 28.284271247461902, 39.84971769034255, 30.083217912982647, 50.21951811795888, 42.80186911806539, 21.840329667841555, 43.965895873961216, 45.27692569068709, 44.553338819890925, 22.847319317591726, 42.190046219457976, 37.73592452822641, 28.635642126552707, 32.64965543462902, 25.238858928247925, 30.610455730027933, 41.97618372363071, 39.05124837953327, 30.4138126514911, 33.83784863137726, 37.656340767525464, 33.61547262794322, 33.24154027718932, 32.202484376209235, 40.44749683231337, 28.460498941515414, 31.906112267087632, 42.05948168962618, 45.35416188179427, 24.73863375370596, 33.301651610693426], [17.08800749063506, 4.47213595499958, 12.083045973594572, 12.0, 18.24828759089466, 0.0, 14.317821063276353, 18.439088914585774, 19.209372712298546, 21.93171219946131, 10.04987562112089, 7.615773105863909, 16.1245154965971, 18.681541692269406, 12.36931687685298, 11.0, 13.152946437965905, 5.0, 18.439088914585774, 12.041594578792296, 19.235384061671343, 17.029386365926403, 10.44030650891055, 22.80350850198276, 16.278820596099706, 18.027756377319946, 14.422205101855956, 7.0710678118654755, 14.035668847618199, 5.656854249492381, 14.7648230602334, 20.024984394500787, 8.0, 14.0, 14.866068747318506, 19.4164878389476, 8.54400374531753, 14.422205101855956, 12.0, 21.400934559032695, 10.198039027185569, 11.40175425099138, 15.524174696260024, 9.219544457292887, 14.317821063276353, 7.0710678118654755, 10.63014581273465, 18.788294228055936, 7.0710678118654755, 10.63014581273465, 29.732137494637012, 21.02379604162864, 33.015148038438355, 24.08318915758459, 32.7566787083184, 33.83784863137726, 21.840329667841555, 9.848857801796104, 28.42534080710379, 14.560219778561036, 28.319604517012593, 34.40930106817051, 26.92582403567252, 23.194827009486403, 37.48332962798263, 12.727922061357855, 29.68164415931166, 22.20360331117452, 29.0, 12.206555615733702, 25.0, 15.556349186104045, 39.408120990476064, 33.12099032335839, 9.486832980505138, 28.844410203711913, 33.421549934136806, 27.85677655436824, 12.36931687685298, 30.805843601498726, 26.92582403567252, 13.45362404707371, 21.095023109728988, 17.26267650163207, 22.80350850198276, 25.942243542145693, 23.323807579381203, 19.235384061671343, 19.79898987322333, 21.470910553583888, 20.615528128088304, 16.55294535724685, 20.248456731316587, 23.769728648009426, 15.0, 21.93171219946131, 29.832867780352597, 29.5296461204668, 10.816653826391969, 28.284271247461902], [15.264337522473747, 16.0312195418814, 3.605551275463989, 16.64331697709324, 22.67156809750927, 14.317821063276353, 0.0, 18.027756377319946, 9.055385138137417, 12.165525060596439, 4.47213595499958, 19.72308292331602, 20.615528128088304, 17.4928556845359, 14.212670403551895, 16.1245154965971, 18.867962264113206, 11.661903789690601, 9.0, 15.811388300841896, 19.4164878389476, 20.518284528683193, 13.038404810405298, 15.0, 21.400934559032695, 21.213203435596427, 5.385164807134504, 16.401219466856727, 17.029386365926403, 18.027756377319946, 4.123105625617661, 21.400934559032695, 14.866068747318506, 3.0, 8.94427190999916, 13.341664064126334, 8.48528137423857, 10.816653826391969, 3.605551275463989, 14.035668847618199, 4.123105625617661, 6.4031242374328485, 15.620499351813308, 12.806248474865697, 22.360679774997898, 21.095023109728988, 7.211102550927978, 26.076809620810597, 21.37755832643195, 22.360679774997898, 42.20189569201838, 35.11409973215888, 44.598206241955516, 36.61966684720111, 43.840620433565945, 48.08326112068523, 36.138621999185304, 24.041630560342615, 40.607881008493905, 28.861739379323623, 40.80441152620633, 47.885279575251516, 38.2099463490856, 37.48332962798263, 50.0, 25.942243542145693, 41.036569057366385, 35.77708763999664, 41.88078318274385, 24.698178070456937, 37.013511046643494, 28.653097563788805, 52.839379254491625, 47.01063709417264, 23.769728648009426, 40.36087214122113, 46.647615158762406, 37.64306044943742, 26.68332812825267, 44.294469180700204, 40.718546143004666, 26.419689627245813, 34.92849839314596, 31.575306807693888, 37.107950630558946, 36.76955262170047, 34.713109915419565, 33.24154027718932, 32.7566787083184, 32.55764119219941, 34.0, 27.65863337187866, 34.0147027033899, 33.97057550292606, 28.635642126552707, 36.05551275463989, 43.04648650006177, 40.311288741492746, 24.698178070456937, 42.579337712087536], [2.8284271247461903, 15.231546211727817, 14.7648230602334, 7.211102550927978, 7.0, 18.439088914585774, 18.027756377319946, 0.0, 12.529964086141668, 12.36931687685298, 18.027756377319946, 25.96150997149434, 6.324555320336759, 1.0, 6.082762530298219, 8.06225774829855, 7.810249675906654, 21.0, 11.661903789690601, 6.708203932499369, 1.4142135623730951, 5.0990195135927845, 8.06225774829855, 10.0, 7.280109889280518, 5.0, 12.806248474865697, 25.179356624028344, 5.0, 16.1245154965971, 14.212670403551895, 3.605551275463989, 10.770329614269007, 20.591260281974, 9.219544457292887, 7.280109889280518, 21.37755832643195, 7.211102550927978, 19.697715603592208, 9.055385138137417, 17.08800749063506, 12.083045973594572, 3.0, 25.079872407968907, 11.180339887498949, 20.248456731316587, 11.704699910719626, 12.041594578792296, 21.95449840010015, 16.278820596099706, 46.647615158762406, 35.4682957019364, 50.53711507397311, 41.182520563948, 50.566787519082126, 46.22769732530488, 34.655446902326915, 25.553864678361276, 45.65084884205331, 28.42534080710379, 45.27692569068709, 49.678969393496885, 44.77722635447622, 34.20526275297414, 54.08326913195984, 29.966648127543394, 47.4236228055175, 38.01315561749642, 45.48626166217664, 30.083217912982647, 42.485291572496, 32.64965543462902, 54.56189146281496, 47.38143096192854, 24.698178070456937, 46.51881339845203, 49.20365840057018, 46.17358552246078, 26.40075756488817, 46.22769732530488, 41.86884283091664, 30.870698080866262, 36.40054944640259, 29.698484809834994, 35.38361202590826, 44.01136216933077, 41.23105625617661, 34.20526275297414, 36.71511950137164, 39.56008088970496, 36.89173349139343, 34.785054261852174, 35.805027579936315, 42.05948168962618, 31.38470965295043, 36.124783736376884, 45.803929962395145, 47.53945729601885, 27.294688127912362, 38.8329756778952], [9.848857801796104, 18.788294228055936, 8.06225774829855, 15.0, 18.973665961010276, 19.209372712298546, 9.055385138137417, 12.529964086141668, 0.0, 3.1622776601683795, 12.083045973594572, 26.1725046566048, 17.46424919657298, 11.661903789690601, 12.0, 15.033296378372908, 17.029386365926403, 18.601075237738275, 1.0, 14.0, 13.892443989449804, 16.76305461424021, 12.165525060596439, 6.082762530298219, 18.439088914585774, 17.08800749063506, 5.0, 23.600847442411894, 14.142135623730951, 20.615528128088304, 5.385164807134504, 16.1245154965971, 15.524174696260024, 12.041594578792296, 5.0990195135927845, 5.656854249492381, 16.55294535724685, 7.0, 12.36931687685298, 5.385164807134504, 11.180339887498949, 7.810249675906654, 11.40175425099138, 21.02379604162864, 21.02379604162864, 24.596747752497688, 8.602325267042627, 23.53720459187964, 25.553864678361276, 23.53720459187964, 48.79549159502341, 39.96248240537617, 51.73973328110612, 43.139309220245984, 51.22499389946279, 52.32590180780452, 40.24922359499622, 28.844410203711913, 47.38143096192854, 33.12099032335839, 47.38143096192854, 53.600373133029585, 45.45327270945405, 40.85339643163099, 56.586217403180434, 31.89043743820395, 48.27007354458868, 41.400483088968905, 48.16637831516918, 31.11269837220809, 43.86342439892262, 34.713109915419565, 58.60034129593445, 52.15361924162119, 28.30194339616981, 47.50789408087881, 52.630789467763066, 45.48626166217664, 30.886890422961002, 50.0, 46.04345773288535, 32.55764119219941, 40.22437072223753, 35.34119409414458, 41.14608122288197, 44.204072210600685, 41.86884283091664, 38.27531841800928, 38.948684188300895, 39.824615503479755, 39.824615503479755, 34.828149534535996, 39.408120990476064, 41.617304093369626, 34.20526275297414, 40.8166632639171, 49.040799340956916, 47.80167361086848, 30.0, 45.880278987817846], [10.04987562112089, 21.095023109728988, 11.180339887498949, 16.278820596099706, 19.235384061671343, 21.93171219946131, 12.165525060596439, 12.36931687685298, 3.1622776601683795, 0.0, 15.231546211727817, 29.068883707497267, 18.027756377319946, 11.40175425099138, 13.341664064126334, 16.492422502470642, 18.110770276274835, 21.633307652783937, 3.605551275463989, 15.297058540778355, 13.601470508735444, 17.11724276862369, 13.92838827718412, 3.605551275463989, 19.026297590440446, 17.26267650163207, 8.06225774829855, 26.627053911388696, 15.033296378372908, 22.825424421026653, 8.54400374531753, 15.811388300841896, 17.46424919657298, 15.132745950421556, 7.211102550927978, 5.0990195135927845, 19.697715603592208, 8.54400374531753, 15.524174696260024, 3.605551275463989, 14.317821063276353, 10.63014581273465, 12.0, 24.166091947189145, 22.090722034374522, 26.92582403567252, 11.313708498984761, 24.08318915758459, 28.0178514522438, 25.298221281347036, 51.62363799656123, 42.43819034784589, 54.67174773134658, 45.967379738244816, 54.20332093147061, 54.589376255824725, 42.5440947723653, 31.400636936215164, 50.24937810560445, 35.510561809129406, 50.20956084253277, 56.22277118748239, 48.41487374764082, 42.95346318982906, 59.39696961966999, 34.655446902326915, 51.22499389946279, 44.04543109109048, 50.93132631298737, 33.97057550292606, 46.75467891024384, 37.48332962798263, 61.220911460055866, 54.644304369257, 30.805843601498726, 50.44799302251776, 55.31726674375732, 48.54894437575342, 33.28663395418648, 52.630789467763066, 48.60041152089147, 35.35533905932738, 42.80186911806539, 37.589892258425, 43.41658669218482, 47.20169488482379, 44.82186966202994, 40.80441152620633, 41.72529209005013, 42.80186911806539, 42.5205832509386, 37.8021163428716, 42.01190307520001, 44.654227123532216, 36.87817782917155, 43.266615305567875, 51.73973328110612, 50.80354318352215, 32.64965543462902, 47.92702786528704], [15.524174696260024, 12.36931687685298, 4.123105625617661, 14.866068747318506, 21.400934559032695, 10.04987562112089, 4.47213595499958, 18.027756377319946, 12.083045973594572, 15.231546211727817, 0.0, 15.264337522473747, 19.209372712298546, 17.72004514666935, 13.038404810405298, 14.142135623730951, 16.97056274847714, 7.211102550927978, 11.704699910719626, 14.212670403551895, 19.313207915827967, 19.4164878389476, 11.40175425099138, 17.46424919657298, 19.849433241279208, 20.248456731316587, 7.280109889280518, 12.041594578792296, 15.811388300841896, 14.317821063276353, 6.708203932499369, 21.02379604162864, 12.206555615733702, 4.123105625617661, 10.0, 15.033296378372908, 4.47213595499958, 11.180339887498949, 2.23606797749979, 16.278820596099706, 1.0, 6.082762530298219, 15.231546211727817, 8.94427190999916, 20.0, 17.0, 6.324555320336759, 24.08318915758459, 17.11724276862369, 18.973665961010276, 37.8021163428716, 30.675723300355934, 40.311288741492746, 32.202484376209235, 39.6232255123179, 43.68065933568311, 31.78049716414141, 19.6468827043885, 36.235341863986875, 24.515301344262525, 36.40054944640259, 43.41658669218482, 33.94112549695428, 33.24154027718932, 45.60701700396552, 21.470910553583888, 36.76955262170047, 31.304951684997057, 37.44329045369811, 20.248456731316587, 32.64965543462902, 24.186773244895647, 48.373546489791295, 42.5440947723653, 19.4164878389476, 36.069377593742864, 42.190046219457976, 33.60059523282288, 22.360679774997898, 39.824615503479755, 36.24913792078372, 21.95449840010015, 30.463092423455635, 27.294688127912362, 32.7566787083184, 32.55764119219941, 30.4138126514911, 28.792360097775937, 28.30194339616981, 28.284271247461902, 29.5296461204668, 23.345235059857504, 29.546573405388315, 29.832867780352597, 24.166091947189145, 31.622776601683793, 38.58756276314948, 36.124783736376884, 20.248456731316587, 38.3275357934736], [24.698178070456937, 11.045361017187261, 18.439088914585774, 19.235384061671343, 25.0, 7.615773105863909, 19.72308292331602, 25.96150997149434, 26.1725046566048, 29.068883707497267, 15.264337522473747, 0.0, 23.021728866442675, 26.248809496813376, 19.924858845171276, 18.24828759089466, 20.024984394500787, 8.06225774829855, 25.495097567963924, 19.4164878389476, 26.68332812825267, 24.08318915758459, 18.027756377319946, 30.23243291566195, 23.0, 25.079872407968907, 21.213203435596427, 4.0, 21.37755832643195, 11.045361017187261, 21.2602916254693, 27.294688127912362, 15.297058540778355, 18.384776310850235, 22.20360331117452, 26.92582403567252, 11.704699910719626, 21.95449840010015, 16.55294535724685, 28.844410203711913, 15.811388300841896, 18.439088914585774, 23.08679276123039, 9.0, 20.223748416156685, 8.94427190999916, 17.804493814764857, 24.515301344262525, 7.211102550927978, 14.866068747318506, 22.67156809750927, 16.1245154965971, 25.612496949731394, 17.029386365926403, 25.238858928247925, 29.274562336608895, 18.027756377319946, 6.708203932499369, 21.213203435596427, 11.40175425099138, 21.2602916254693, 28.178005607210743, 19.4164878389476, 20.396078054371138, 30.479501308256342, 6.324555320336759, 22.20360331117452, 16.15549442140351, 22.20360331117452, 5.0, 17.69180601295413, 8.94427190999916, 33.12099032335839, 27.51363298439521, 7.211102550927978, 21.400934559032695, 26.92582403567252, 20.248456731316587, 9.848857801796104, 24.596747752497688, 21.18962010041709, 6.708203932499369, 15.524174696260024, 14.560219778561036, 19.026297590440446, 18.35755975068582, 15.811388300841896, 14.142135623730951, 13.038404810405298, 13.892443989449804, 14.317821063276353, 8.94427190999916, 14.560219778561036, 16.15549442140351, 9.219544457292887, 17.11724276862369, 23.323807579381203, 21.95449840010015, 6.082762530298219, 25.179356624028344], [8.0, 12.0, 17.029386365926403, 4.47213595499958, 2.23606797749979, 16.1245154965971, 20.615528128088304, 6.324555320336759, 17.46424919657298, 18.027756377319946, 19.209372712298546, 23.021728866442675, 0.0, 7.280109889280518, 6.4031242374328485, 5.385164807134504, 3.0, 19.924858845171276, 16.492422502470642, 5.0, 5.830951894845301, 1.4142135623730951, 7.810249675906654, 16.1245154965971, 1.0, 2.23606797749979, 16.1245154965971, 23.194827009486403, 3.605551275463989, 12.165525060596439, 17.4928556845359, 5.0, 8.246211251235321, 22.627416997969522, 13.0, 13.0, 21.470910553583888, 10.770329614269007, 21.2602916254693, 15.033296378372908, 18.439088914585774, 14.212670403551895, 6.082762530298219, 24.351591323771842, 5.0, 15.811388300841896, 13.45362404707371, 6.082762530298219, 17.72004514666935, 10.816653826391969, 42.04759208325728, 30.23243291566195, 46.238512086787566, 36.76955262170047, 46.486557196677836, 40.36087214122113, 29.068883707497267, 21.18962010041709, 41.23105625617661, 23.323807579381203, 40.718546143004666, 44.40720662234904, 40.80441152620633, 28.319604517012593, 49.24428900898052, 25.96150997149434, 43.32435804486894, 33.12099032335839, 40.70626487409524, 26.476404589747453, 38.27531841800928, 28.460498941515414, 49.20365840057018, 41.86884283091664, 20.248456731316587, 42.37924020083418, 44.10215414239989, 42.7551166528639, 21.470910553583888, 41.048751503547585, 36.61966684720111, 26.92582403567252, 31.38470965295043, 24.20743687382041, 29.732137494637012, 40.26164427839479, 37.36308338453881, 29.154759474226502, 32.31098884280702, 35.90264614203248, 32.202484376209235, 31.400636936215164, 30.886890422961002, 38.63935817272331, 26.92582403567252, 30.805843601498726, 40.8166632639171, 43.68065933568311, 23.08679276123039, 32.802438933713454], [2.23606797749979, 15.652475842498529, 14.317821063276353, 7.810249675906654, 8.0, 18.681541692269406, 17.4928556845359, 1.0, 11.661903789690601, 11.40175425099138, 17.72004514666935, 26.248809496813376, 7.280109889280518, 0.0, 6.324555320336759, 8.602325267042627, 8.602325267042627, 21.02379604162864, 10.816653826391969, 7.211102550927978, 2.23606797749979, 6.082762530298219, 8.246211251235321, 9.0, 8.246211251235321, 6.0, 12.206555615733702, 25.317977802344327, 5.656854249492381, 16.64331697709324, 13.601470508735444, 4.47213595499958, 11.180339887498949, 20.12461179749811, 8.602325267042627, 6.324555320336759, 21.213203435596427, 6.708203932499369, 19.313207915827967, 8.06225774829855, 16.76305461424021, 11.704699910719626, 3.1622776601683795, 25.019992006393608, 12.083045973594572, 20.808652046684813, 11.40175425099138, 13.038404810405298, 22.47220505424423, 17.029386365926403, 47.16990566028302, 36.124783736376884, 51.0, 41.677331968349414, 50.99019513592785, 47.01063709417264, 35.38361202590826, 26.076809620810597, 46.14108798023731, 29.068883707497267, 45.79301256742124, 50.32891812864648, 45.18849411078001, 35.0, 54.644304369257, 30.4138126514911, 47.853944456021594, 38.600518131237564, 46.04345773288535, 30.463092423455635, 42.941821107167776, 33.12099032335839, 55.226805085936306, 48.08326112068523, 25.238858928247925, 46.95742752749558, 49.8196748283246, 46.486557196677836, 27.018512172212592, 46.861498055439924, 42.5205832509386, 31.304951684997057, 37.013511046643494, 30.4138126514911, 36.124783736376884, 44.384682042344295, 41.6293165929973, 34.828149534535996, 37.21558813185679, 39.92492955535426, 37.44329045369811, 35.11409973215888, 36.40054944640259, 42.37924020083418, 31.906112267087632, 36.796738985948195, 46.400431032480725, 47.92702786528704, 27.784887978899608, 39.66106403010388], [5.0, 9.433981132056603, 10.63014581273465, 3.0, 8.48528137423857, 12.36931687685298, 14.212670403551895, 6.082762530298219, 12.0, 13.341664064126334, 13.038404810405298, 19.924858845171276, 6.4031242374328485, 6.324555320336759, 0.0, 3.1622776601683795, 5.0990195135927845, 15.033296378372908, 11.0, 2.0, 7.0, 6.4031242374328485, 2.0, 12.529964086141668, 7.211102550927978, 7.211102550927978, 9.848857801796104, 19.1049731745428, 2.8284271247461903, 10.63014581273465, 11.180339887498949, 8.246211251235321, 5.0, 16.278820596099706, 7.0710678118654755, 8.94427190999916, 15.811388300841896, 5.0, 15.0, 11.180339887498949, 12.206555615733702, 7.810249675906654, 3.1622776601683795, 19.235384061671343, 9.055385138137417, 14.866068747318506, 7.0710678118654755, 12.083045973594572, 16.401219466856727, 12.083045973594572, 41.048751503547585, 30.4138126514911, 44.77722635447622, 35.510561809129406, 44.721359549995796, 41.88078318274385, 30.0, 20.0, 39.96248240537617, 23.345235059857504, 39.66106403010388, 44.553338819890925, 38.91015291668744, 30.01666203960727, 48.60041152089147, 24.186773244895647, 41.593268686170845, 32.64965543462902, 40.0, 24.166091947189145, 36.71511950137164, 26.92582403567252, 49.49747468305833, 42.5205832509386, 19.209372712298546, 40.70626487409524, 43.93176527297759, 40.162171256046406, 21.213203435596427, 41.036569057366385, 36.76955262170047, 25.059928172283335, 31.144823004794873, 25.0, 30.805843601498726, 38.07886552931954, 35.34119409414458, 29.0, 31.064449134018133, 33.61547262794322, 31.400636936215164, 28.792360097775937, 30.479501308256342, 36.05551275463989, 25.80697580112788, 31.144823004794873, 40.45985664828782, 41.6293165929973, 21.633307652783937, 34.88552708502482], [7.810249675906654, 7.280109889280518, 12.529964086141668, 1.0, 7.615773105863909, 11.0, 16.1245154965971, 8.06225774829855, 15.033296378372908, 16.492422502470642, 14.142135623730951, 18.24828759089466, 5.385164807134504, 8.602325267042627, 3.1622776601683795, 0.0, 2.8284271247461903, 14.560219778561036, 14.035668847618199, 1.4142135623730951, 8.54400374531753, 6.082762530298219, 3.1622776601683795, 15.652475842498529, 5.830951894845301, 7.0710678118654755, 12.36931687685298, 18.027756377319946, 3.1622776601683795, 8.06225774829855, 13.601470508735444, 9.055385138137417, 3.0, 17.804493814764857, 10.0, 12.083045973594572, 16.1245154965971, 8.06225774829855, 16.278820596099706, 14.317821063276353, 13.45362404707371, 9.848857801796104, 5.656854249492381, 18.973665961010276, 6.324555320336759, 12.206555615733702, 8.94427190999916, 10.0, 13.892443989449804, 8.94427190999916, 38.58756276314948, 27.586228448267445, 42.485291572496, 33.12099032335839, 42.5440947723653, 38.8329756778952, 27.018512172212592, 17.4928556845359, 37.589892258425, 20.518284528683193, 37.21558813185679, 41.773197148410844, 36.76955262170047, 26.92582403567252, 46.04345773288535, 21.93171219946131, 39.395431207184416, 30.0, 37.44329045369811, 22.135943621178654, 34.438350715445125, 24.596747752497688, 46.69047011971501, 39.6232255123179, 16.64331697709324, 38.48376280978771, 41.23105625617661, 38.3275357934736, 18.439088914585774, 38.28837943815329, 33.97057550292606, 22.847319317591726, 28.42534080710379, 22.02271554554524, 27.80287754891569, 36.05551275463989, 33.24154027718932, 26.248809496813376, 28.653097563788805, 31.622776601683793, 28.844410203711913, 26.92582403567252, 27.80287754891569, 34.20526275297414, 23.323807579381203, 28.284271247461902, 37.8021163428716, 39.56008088970496, 19.235384061671343, 31.76476034853718], [8.54400374531753, 9.0, 15.264337522473747, 2.23606797749979, 5.0990195135927845, 13.152946437965905, 18.867962264113206, 7.810249675906654, 17.029386365926403, 18.110770276274835, 16.97056274847714, 20.024984394500787, 3.0, 8.602325267042627, 5.0990195135927845, 2.8284271247461903, 0.0, 17.08800749063506, 16.0312195418814, 3.1622776601683795, 7.810249675906654, 4.123105625617661, 5.830951894845301, 16.76305461424021, 3.1622776601683795, 5.0990195135927845, 14.866068747318506, 20.223748416156685, 3.1622776601683795, 9.219544457292887, 16.15549442140351, 7.615773105863909, 5.385164807134504, 20.615528128088304, 12.165525060596439, 13.341664064126334, 18.867962264113206, 10.04987562112089, 19.1049731745428, 15.524174696260024, 16.278820596099706, 12.529964086141668, 6.324555320336759, 21.540659228538015, 4.0, 13.0, 11.661903789690601, 7.211102550927978, 14.866068747318506, 8.48528137423857, 39.35733730830886, 27.80287754891569, 43.46262762420146, 34.0147027033899, 43.657759905886145, 38.41874542459709, 26.870057685088806, 18.384776310850235, 38.48376280978771, 20.808652046684813, 38.01315561749642, 42.01190307520001, 37.94733192202055, 26.40075756488817, 46.647615158762406, 23.08679276123039, 40.496913462633174, 30.528675044947494, 38.07886552931954, 23.53720459187964, 35.4682957019364, 25.632011235952593, 46.861498055439924, 39.6232255123179, 17.46424919657298, 39.56008088970496, 41.617304093369626, 39.81205847478876, 18.867962264113206, 38.600518131237564, 34.20526275297414, 24.041630560342615, 28.844410203711913, 21.93171219946131, 27.5862284482