O=[[7.615773105863909, 14.422205101855956, 11.40175425099138, 4.47213595499958, 10.04987562112089, 12.041594578792296, 9.848857801796104, 14.142135623730951, 15.620499351813308, 3.605551275463989, 14.212670403551895, 6.708203932499369, 6.4031242374328485, 13.45362404707371, 5.0990195135927845, 9.848857801796104, 6.324555320336759, 13.038404810405298, 12.165525060596439, 7.0710678118654755, 7.0710678118654755, 6.708203932499369, 9.055385138137417, 5.656854249492381, 10.63014581273465, 5.656854249492381, 4.123105625617661, 12.165525060596439, 15.0, 7.615773105863909, 32.0624390837628, 34.132096331752024, 24.515301344262525, 34.0147027033899, 35.510561809129406, 26.832815729997478, 34.92849839314596, 19.4164878389476, 35.73513677041127, 33.95585369269929, 33.015148038438355, 27.65863337187866, 33.734255586866, 32.01562118716424, 24.351591323771842, 32.28002478313795, 27.018512172212592, 31.016124838541646, 35.22782990761707, 21.095023109728988, 31.38470965295043, 33.06055050963308, 35.17101079013795, 35.35533905932738, 37.12142238654117, 35.6931365951495, 39.293765408777, 21.37755832643195, 25.495097567963924, 36.22154055254967, 31.827660925679098, 23.021728866442675, 21.095023109728988, 26.90724809414742, 22.0, 38.62641583165593, 40.24922359499622, 35.35533905932738, 21.213203435596427, 25.80697580112788, 35.805027579936315, 29.206163733020468, 23.021728866442675, 14.035668847618199, 18.384776310850235, 25.495097567963924, 37.013511046643494, 20.248456731316587, 40.311288741492746, 29.154759474226502, 36.069377593742864, 31.38470965295043, 28.844410203711913, 29.0, 17.029386365926403, 21.540659228538015, 37.64306044943742, 39.81205847478876, 33.24154027718932, 29.5296461204668, 40.24922359499622, 35.4400902933387, 36.235341863986875, 34.655446902326915, 30.59411708155671, 21.93171219946131, 21.02379604162864, 18.110770276274835, 20.396078054371138, 33.37663853655727], [30.886890422961002, 39.395431207184416, 33.015148038438355, 22.360679774997898, 35.17101079013795, 16.0312195418814, 20.024984394500787, 34.058772731852805, 21.633307652783937, 24.596747752497688, 35.014282800023196, 21.095023109728988, 23.853720883753127, 38.01315561749642, 28.178005607210743, 32.7566787083184, 31.622776601683793, 35.014282800023196, 37.36308338453881, 25.019992006393608, 31.78049716414141, 21.095023109728988, 33.734255586866, 30.463092423455635, 17.0, 30.463092423455635, 25.317977802344327, 13.416407864998739, 12.041594578792296, 20.248456731316587, 32.55764119219941, 33.421549934136806, 33.12099032335839, 34.713109915419565, 40.36087214122113, 20.0, 41.23105625617661, 22.825424421026653, 43.60045871318328, 29.68164415931166, 33.97057550292606, 26.1725046566048, 39.824615503479755, 33.24154027718932, 21.93171219946131, 40.22437072223753, 31.400636936215164, 40.8166632639171, 33.60059523282288, 29.068883707497267, 24.186773244895647, 33.301651610693426, 42.01190307520001, 33.015148038438355, 39.6232255123179, 31.906112267087632, 33.1058907144937, 30.870698080866262, 33.61547262794322, 34.40930106817051, 14.035668847618199, 7.0710678118654755, 6.708203932499369, 13.416407864998739, 8.246211251235321, 13.416407864998739, 15.620499351813308, 17.029386365926403, 5.830951894845301, 7.615773105863909, 13.92838827718412, 16.15549442140351, 7.0710678118654755, 12.206555615733702, 7.0710678118654755, 3.1622776601683795, 14.7648230602334, 5.0990195135927845, 15.264337522473747, 4.242640687119285, 17.11724276862369, 8.54400374531753, 8.0, 9.433981132056603, 11.40175425099138, 4.0, 12.36931687685298, 15.0, 8.06225774829855, 20.591260281974, 15.620499351813308, 10.198039027185569, 12.041594578792296, 16.0312195418814, 6.324555320336759, 4.123105625617661, 7.615773105863909, 8.48528137423857, 5.656854249492381, 9.486832980505138], [21.93171219946131, 21.0, 6.708203932499369, 21.93171219946131, 14.142135623730951, 20.396078054371138, 16.492422502470642, 3.605551275463989, 33.24154027718932, 21.2602916254693, 4.123105625617661, 24.08318915758459, 24.08318915758459, 22.090722034374522, 21.095023109728988, 23.40939982143925, 16.15549442140351, 6.082762530298219, 15.0, 12.529964086141668, 13.0, 24.08318915758459, 12.36931687685298, 18.788294228055936, 19.6468827043885, 18.788294228055936, 14.212670403551895, 26.40075756488817, 24.331050121192877, 24.839484696748443, 23.600847442411894, 25.80697580112788, 13.038404810405298, 24.698178070456937, 22.80350850198276, 26.40075756488817, 21.37755832643195, 17.08800749063506, 21.02379604162864, 28.284271247461902, 23.853720883753127, 22.80350850198276, 20.615528128088304, 23.021728866442675, 22.360679774997898, 18.24828759089466, 17.804493814764857, 16.0312195418814, 27.202941017470888, 12.806248474865697, 28.844410203711913, 24.413111231467404, 21.213203435596427, 27.80287754891569, 25.632011235952593, 29.068883707497267, 33.301651610693426, 11.313708498984761, 13.892443989449804, 28.0178514522438, 36.138621999185304, 37.0, 34.785054261852174, 30.805843601498726, 36.40054944640259, 48.010415536631214, 48.25971404805462, 38.897300677553446, 34.48187929913333, 33.06055050963308, 41.773197148410844, 31.622776601683793, 37.0, 28.635642126552707, 29.614185789921695, 37.8549864614954, 50.44799302251776, 31.575306807693888, 49.09175083453431, 39.05124837953327, 39.84971769034255, 39.11521443121589, 36.124783736376884, 43.01162633521314, 25.079872407968907, 32.38826948140329, 48.041648597857254, 48.16637831516918, 43.01162633521314, 29.068883707497267, 48.25971404805462, 46.09772228646444, 44.181444068749045, 38.600518131237564, 42.579337712087536, 32.2490309931942, 35.11409973215888, 31.953090617340916, 33.24154027718932, 45.70557952810576], [10.198039027185569, 19.026297590440446, 22.627416997969522, 7.615773105863909, 18.788294228055936, 18.027756377319946, 18.24828759089466, 25.495097567963924, 5.0990195135927845, 7.810249675906654, 25.45584412271571, 6.082762530298219, 5.0, 17.0, 8.94427190999916, 11.0, 14.7648230602334, 24.08318915758459, 20.248456731316587, 17.88854381999832, 17.204650534085253, 6.082762530298219, 18.867962264113206, 12.083045973594572, 17.0, 12.083045973594572, 15.264337522473747, 12.083045973594572, 18.681541692269406, 6.0, 41.30375285612676, 43.18564576337837, 35.11409973215888, 43.41658669218482, 45.880278987817846, 33.37663853655727, 45.5411901469428, 28.160255680657446, 46.61544808322666, 42.01190307520001, 42.42640687119285, 36.013886210738214, 44.27188724235731, 41.43669871020132, 32.01562118716424, 43.08131845707603, 36.87817782917155, 42.04759208325728, 44.10215414239989, 31.32091952673165, 38.3275357934736, 42.2965719651132, 45.880278987817846, 44.04543109109048, 47.07440918375928, 44.0, 47.095647357266465, 31.953090617340916, 36.05551275463989, 45.09988913511872, 34.88552708502482, 18.867962264113206, 17.804493814764857, 31.016124838541646, 17.4928556845359, 37.013511046643494, 39.6232255123179, 38.47076812334269, 18.439088914585774, 27.784887978899608, 37.20215047547655, 33.83784863137726, 18.867962264113206, 12.206555615733702, 18.867962264113206, 22.80350850198276, 31.622776601683793, 20.0, 39.05124837953327, 28.284271247461902, 38.948684188300895, 32.01562118716424, 30.23243291566195, 23.769728648009426, 20.8806130178211, 21.400934559032695, 35.22782990761707, 38.948684188300895, 31.89043743820395, 35.6931365951495, 39.6232255123179, 33.015148038438355, 36.069377593742864, 37.589892258425, 27.459060435491963, 22.20360331117452, 17.204650534085253, 15.556349186104045, 18.384776310850235, 29.5296461204668], [36.138621999185304, 40.24922359499622, 25.80697580112788, 30.066592756745816, 33.12099032335839, 19.1049731745428, 19.1049731745428, 24.08318915758459, 38.47076812334269, 31.25699921617557, 25.495097567963924, 31.0, 33.06055050963308, 40.311288741492746, 33.734255586866, 38.3275357934736, 32.31098884280702, 27.018512172212592, 34.9857113690718, 22.135943621178654, 29.966648127543394, 31.0, 30.886890422961002, 33.52610922848042, 20.024984394500787, 33.52610922848042, 25.0, 26.68332812825267, 19.924858845171276, 31.016124838541646, 5.656854249492381, 6.708203932499369, 11.704699910719626, 7.810249675906654, 13.892443989449804, 7.211102550927978, 15.231546211727817, 9.219544457292887, 18.027756377319946, 5.385164807134504, 7.0710678118654755, 1.0, 13.92838827718412, 6.4031242374328485, 5.385164807134504, 15.297058540778355, 7.0710678118654755, 17.029386365926403, 7.280109889280518, 10.63014581273465, 6.082762530298219, 6.4031242374328485, 16.15549442140351, 7.0710678118654755, 12.727922061357855, 7.0710678118654755, 10.770329614269007, 12.206555615733702, 11.40175425099138, 8.246211251235321, 18.027756377319946, 31.906112267087632, 30.01666203960727, 14.422205101855956, 32.2490309931942, 33.1058907144937, 31.622776601683793, 19.235384061671343, 29.154759474226502, 19.849433241279208, 24.041630560342615, 13.0, 31.906112267087632, 28.160255680657446, 23.706539182259394, 29.832867780352597, 41.10960958218893, 24.698178070456937, 33.24154027718932, 27.018512172212592, 20.223748416156685, 24.186773244895647, 21.633307652783937, 36.235341863986875, 18.384776310850235, 24.413111231467404, 34.48187929913333, 31.953090617340916, 29.68164415931166, 8.246211251235321, 31.622776601683793, 33.28663395418648, 28.231188426986208, 19.4164878389476, 32.55764119219941, 23.600847442411894, 30.886890422961002, 28.635642126552707, 27.784887978899608, 35.4682957019364]]
C=[[0.0, 9.055385138137417, 15.231546211727817, 8.602325267042627, 9.219544457292887, 19.4164878389476, 17.46424919657298, 18.384776310850235, 15.297058540778355, 6.4031242374328485, 17.88854381999832, 9.848857801796104, 7.280109889280518, 7.280109889280518, 2.8284271247461903, 2.23606797749979, 5.830951894845301, 16.1245154965971, 10.295630140987, 14.142135623730951, 8.94427190999916, 9.848857801796104, 10.0, 3.1622776601683795, 18.027756377319946, 3.1622776601683795, 11.180339887498949, 17.4928556845359, 21.93171219946131, 10.770329614269007, 39.319206502675, 41.43669871020132, 31.064449134018133, 41.19465984809196, 42.1070065428546, 34.438350715445125, 41.30375285612676, 26.92582403567252, 41.773197148410844, 41.48493702538308, 40.19950248448356, 35.17101079013795, 40.19950248448356, 39.20459156782532, 31.953090617340916, 38.47076812334269, 34.058772731852805, 36.87817782917155, 42.579337712087536, 28.0178514522438, 39.0, 40.311288741492746, 41.43669871020132, 42.7551166528639, 44.0, 43.174066289845804, 46.84015371452148, 28.0178514522438, 32.0624390837628, 43.56604182158393, 38.948684188300895, 27.202941017470888, 25.632011235952593, 34.20526275297414, 25.96150997149434, 44.294469180700204, 46.32493928760188, 42.5205832509386, 26.0, 32.55764119219941, 42.5205832509386, 36.61966684720111, 27.202941017470888, 18.788294228055936, 24.413111231467404, 30.463092423455635, 40.792156108742276, 26.076809620810597, 46.14108798023731, 34.9857113690718, 43.18564576337837, 37.8021163428716, 35.4682957019364, 32.7566787083184, 24.08318915758459, 27.459060435491963, 42.95346318982906, 45.79301256742124, 38.948684188300895, 37.12142238654117, 46.32493928760188, 40.718546143004666, 42.43819034784589, 41.773197148410844, 35.4682957019364, 28.0178514522438, 25.298221281347036, 22.847319317591726, 25.495097567963924, 37.94733192202055], [9.055385138137417, 0.0, 15.297058540778355, 17.08800749063506, 7.280109889280518, 26.248809496813376, 23.345235059857504, 18.110770276274835, 24.08318915758459, 14.866068747318506, 17.029386365926403, 18.681541692269406, 16.278820596099706, 2.23606797749979, 11.40175425099138, 8.06225774829855, 8.48528137423857, 15.033296378372908, 6.0, 18.601075237738275, 10.295630140987, 18.681541692269406, 9.486832980505138, 8.94427190999916, 24.839484696748443, 8.94427190999916, 16.278820596099706, 26.0, 29.410882339705484, 19.6468827043885, 42.37924020083418, 44.598206241955516, 32.7566787083184, 43.965895873961216, 43.41658669218482, 40.0, 42.190046219457976, 31.38470965295043, 42.01190307520001, 45.617978911828175, 43.01162633521314, 39.35733730830886, 41.30375285612676, 42.05948168962618, 36.89173349139343, 39.11521443121589, 36.68787265568828, 37.013511046643494, 45.880278987817846, 30.675723300355934, 44.10215414239989, 43.32435804486894, 42.1070065428546, 46.238512086787566, 45.89117562233506, 47.01063709417264, 50.99019513592785, 30.083217912982647, 33.734255586866, 46.8187996428785, 46.09772228646444, 36.138621999185304, 34.48187929913333, 41.036569057366385, 34.92849839314596, 52.80151512977634, 54.589376255824725, 49.57822102496216, 34.785054261852174, 40.22437072223753, 50.21951811795888, 43.139309220245984, 36.138621999185304, 27.51363298439521, 32.64965543462902, 39.21734310225516, 49.8196748283246, 34.438350715445125, 54.56189146281496, 43.382023926967726, 50.32891812864648, 45.79301256742124, 43.266615305567875, 41.773197148410844, 31.400636936215164, 35.77708763999664, 51.62363799656123, 54.120236510939236, 47.4236228055175, 42.80186911806539, 54.589376255824725, 49.39635614091387, 50.60632371551998, 48.91829923454004, 44.27188724235731, 36.235341863986875, 34.20526275297414, 31.622776601683793, 34.17601498127012, 46.84015371452148], [15.231546211727817, 15.297058540778355, 0.0, 15.811388300841896, 8.06225774829855, 17.11724276862369, 13.152946437965905, 3.1622776601683795, 27.018512172212592, 14.866068747318506, 2.8284271247461903, 18.027756377319946, 17.69180601295413, 16.0312195418814, 14.422205101855956, 16.76305461424021, 9.486832980505138, 2.0, 9.486832980505138, 8.0, 6.324555320336759, 18.027756377319946, 6.0, 12.083045973594572, 16.0312195418814, 12.083045973594572, 8.54400374531753, 21.587033144922902, 21.095023109728988, 18.867962264113206, 27.313000567495326, 29.546573405388315, 17.46424919657298, 28.792360097775937, 28.160255680657446, 27.018512172212592, 27.018512172212592, 17.69180601295413, 27.073972741361768, 31.064449134018133, 27.85677655436824, 25.0, 26.076809620810597, 26.92582403567252, 23.345235059857504, 24.0, 21.540659228538015, 22.090722034374522, 30.870698080866262, 15.652475842498529, 30.4138126514911, 28.231188426986208, 27.0, 31.304951684997057, 30.59411708155671, 32.2490309931942, 36.359317925395686, 14.866068747318506, 18.439088914585774, 31.78049716414141, 35.34119409414458, 32.55764119219941, 30.4138126514911, 29.966648127543394, 31.78049716414141, 45.5411901469428, 46.32493928760188, 38.47076812334269, 30.265491900843113, 31.04834939252005, 40.496913462633174, 31.38470965295043, 32.55764119219941, 23.769728648009426, 26.0, 34.058772731852805, 46.389654018972806, 28.0, 46.87216658103186, 36.22154055254967, 39.35733730830886, 37.107950630558946, 34.20526275297414, 38.63935817272331, 22.360679774997898, 29.017236257093817, 45.17742799230607, 46.09772228646444, 40.311288741492746, 29.832867780352597, 46.32493928760188, 43.104524124504614, 42.20189569201838, 38.01315561749642, 39.01281840626232, 29.068883707497267, 30.59411708155671, 27.459060435491963, 29.154759474226502, 42.04759208325728], [8.602325267042627, 17.08800749063506, 15.811388300841896, 0.0, 14.035668847618199, 11.704699910719626, 11.0, 18.439088914585774, 11.313708498984761, 2.23606797749979, 18.601075237738275, 2.23606797749979, 3.0, 15.652475842498529, 5.830951894845301, 10.63014581273465, 10.0, 17.4928556845359, 16.0, 10.295630140987, 11.40175425099138, 2.23606797749979, 13.341664064126334, 8.246211251235321, 10.44030650891055, 8.246211251235321, 7.810249675906654, 8.94427190999916, 13.601470508735444, 3.1622776601683795, 34.058772731852805, 36.013886210738214, 27.51363298439521, 36.124783736376884, 38.3275357934736, 27.202941017470888, 37.94733192202055, 21.0, 39.0, 35.22782990761707, 35.12833614050059, 29.068883707497267, 36.68787265568828, 34.132096331752024, 25.317977802344327, 35.4682957019364, 29.427877939124322, 34.438350715445125, 37.0, 23.769728648009426, 32.01562118716424, 35.05709628591621, 38.27531841800928, 37.013511046643494, 39.6232255123179, 37.12142238654117, 40.44749683231337, 24.351591323771842, 28.460498941515414, 38.0, 30.610455730027933, 19.235384061671343, 17.46424919657298, 26.076809620810597, 18.110770276274835, 35.77708763999664, 37.73592452822641, 34.20526275297414, 17.72004514666935, 24.041630560342615, 33.97057550292606, 28.653097563788805, 19.235384061671343, 10.44030650891055, 15.811388300841896, 22.135943621178654, 33.13608305156178, 17.4928556845359, 37.589892258425, 26.419689627245813, 34.828149534535996, 29.206163733020468, 26.90724809414742, 25.079872407968907, 15.811388300841896, 18.867962264113206, 34.539832078341085, 37.21558813185679, 30.4138126514911, 29.732137494637012, 37.73592452822641, 32.31098884280702, 33.83784863137726, 33.421549934136806, 27.202941017470888, 19.4164878389476, 17.26267650163207, 14.560219778561036, 17.08800749063506, 29.832867780352597], [9.219544457292887, 7.280109889280518, 8.06225774829855, 14.035668847618199, 0.0, 20.591260281974, 17.204650534085253, 11.0, 23.769728648009426, 12.165525060596439, 10.04987562112089, 16.1245154965971, 14.560219778561036, 8.0, 9.848857801796104, 10.0, 4.123105625617661, 8.06225774829855, 2.23606797749979, 12.041594578792296, 3.605551275463989, 16.1245154965971, 2.23606797749979, 6.708203932499369, 19.235384061671343, 6.708203932499369, 10.295630140987, 22.20360331117452, 24.166091947189145, 17.11724276862369, 35.11409973215888, 37.33630940518894, 25.495097567963924, 36.68787265568828, 36.22154055254967, 33.301651610693426, 35.05709628591621, 24.413111231467404, 35.014282800023196, 38.47076812334269, 35.73513677041127, 32.2490309931942, 34.132096331752024, 34.785054261852174, 30.0, 32.01562118716424, 29.410882339705484, 30.01666203960727, 38.62641583165593, 23.40939982143925, 37.20215047547655, 36.05551275463989, 35.014282800023196, 39.0, 38.63935817272331, 39.81205847478876, 43.829214001622255, 22.80350850198276, 26.476404589747453, 39.56008088970496, 40.22437072223753, 33.06055050963308, 31.144823004794873, 35.0, 32.01562118716424, 48.38388161361178, 49.76946855251722, 43.60045871318328, 31.25699921617557, 34.88552708502482, 44.77722635447622, 36.87817782917155, 33.06055050963308, 24.08318915758459, 28.160255680657446, 35.510561809129406, 47.042533945356304, 30.083217912982647, 49.9799959983992, 38.897300677553446, 44.40720662234904, 40.718546143004666, 38.01315561749642, 39.01281840626232, 25.942243542145693, 31.32091952673165, 47.53945729601885, 49.39635614091387, 43.01162633521314, 36.124783736376884, 49.76946855251722, 45.35416188179427, 45.69463863518345, 43.01162633521314, 40.607881008493905, 31.622776601683793, 31.064449134018133, 28.160255680657446, 30.4138126514911, 43.41658669218482], [19.4164878389476, 26.248809496813376, 17.11724276862369, 11.704699910719626, 20.591260281974, 0.0, 4.0, 18.027756377319946, 19.4164878389476, 13.416407864998739, 19.0, 12.165525060596439, 14.560219778561036, 25.45584412271571, 16.64331697709324, 21.633307652783937, 17.804493814764857, 19.1049731745428, 22.825424421026653, 9.219544457292887, 17.0, 12.165525060596439, 18.788294228055936, 17.69180601295413, 1.4142135623730951, 17.69180601295413, 10.295630140987, 8.06225774829855, 4.0, 12.041594578792296, 23.769728648009426, 25.495097567963924, 19.849433241279208, 25.96150997149434, 29.5296461204668, 15.524174696260024, 29.68164415931166, 10.770329614269007, 31.400636936215164, 24.0, 25.0, 18.110770276274835, 28.30194339616981, 24.041630560342615, 14.0, 27.80287754891569, 20.12461179749811, 27.586228448267445, 26.30589287593181, 15.620499351813308, 20.396078054371138, 24.73863375370596, 30.23243291566195, 26.1725046566048, 30.083217912982647, 26.019223662515376, 29.068883707497267, 16.97056274847714, 20.615528128088304, 27.294688127912362, 19.849433241279208, 17.0, 14.7648230602334, 14.866068747318506, 16.64331697709324, 28.442925306655784, 29.410882339705484, 23.345235059857504, 14.317821063276353, 14.317821063276353, 24.186773244895647, 17.204650534085253, 17.0, 10.0, 9.219544457292887, 17.46424919657298, 30.083217912982647, 11.180339887498949, 29.832867780352597, 19.1049731745428, 24.08318915758459, 20.248456731316587, 17.46424919657298, 22.847319317591726, 5.385164807134504, 12.041594578792296, 28.071337695236398, 29.120439557122072, 23.194827009486403, 18.027756377319946, 29.410882339705484, 26.019223662515376, 25.298221281347036, 22.67156809750927, 22.20360331117452, 12.0, 15.264337522473747, 12.206555615733702, 13.0, 25.317977802344327], [17.46424919657298, 23.345235059857504, 13.152946437965905, 11.0, 17.204650534085253, 4.0, 0.0, 14.035668847618199, 20.615528128088304, 12.165525060596439, 15.0, 12.165525060596439, 14.0, 22.80350850198276, 14.866068747318506, 19.697715603592208, 14.866068747318506, 15.132745950421556, 19.4164878389476, 5.385164807134504, 13.601470508735444, 12.165525060596439, 15.264337522473747, 15.264337522473747, 3.1622776601683795, 15.264337522473747, 7.0710678118654755, 10.63014581273465, 8.0, 12.36931687685298, 23.08679276123039, 25.019992006393608, 17.4928556845359, 25.179356624028344, 27.85677655436824, 17.0, 27.730849247724095, 10.0, 29.154759474226502, 24.331050121192877, 24.186773244895647, 18.110770276274835, 26.40075756488817, 23.194827009486403, 14.560219778561036, 25.553864678361276, 18.681541692269406, 25.0, 26.0, 13.416407864998739, 21.540659228538015, 24.08318915758459, 28.178005607210743, 26.019223662515376, 28.861739379323623, 26.1725046566048, 29.614185789921695, 14.422205101855956, 18.35755975068582, 27.0, 23.021728866442675, 20.615528128088304, 18.384776310850235, 17.804493814764857, 20.12461179749811, 32.38826948140329, 33.24154027718932, 26.40075756488817, 18.027756377319946, 18.027756377319946, 27.730849247724095, 19.79898987322333, 20.615528128088304, 12.806248474865697, 13.152946437965905, 21.37755832643195, 33.95585369269929, 15.132745950421556, 33.734255586866, 23.08679276123039, 27.202941017470888, 24.041630560342615, 21.18962010041709, 26.570660511172846, 9.219544457292887, 16.0312195418814, 32.0624390837628, 32.984845004941285, 27.16615541441225, 19.72308292331602, 33.24154027718932, 30.01666203960727, 29.120439557122072, 25.80697580112788, 26.1725046566048, 16.0, 18.788294228055936, 15.652475842498529, 16.76305461424021, 29.274562336608895], [18.384776310850235, 18.110770276274835, 3.1622776601683795, 18.439088914585774, 11.0, 18.027756377319946, 14.035668847618199, 0.0, 29.732137494637012, 17.69180601295413, 1.4142135623730951, 20.615528128088304, 20.518284528683193, 19.0, 17.4928556845359, 19.924858845171276, 12.649110640673518, 3.1622776601683795, 12.165525060596439, 9.486832980505138, 9.486832980505138, 20.615528128088304, 9.055385138137417, 15.231546211727817, 17.11724276862369, 15.231546211727817, 10.816653826391969, 23.40939982143925, 22.02271554554524, 21.400934559032695, 25.059928172283335, 27.294688127912362, 14.866068747318506, 26.40075756488817, 25.317977802344327, 26.076809620810597, 24.08318915758459, 16.64331697709324, 24.020824298928627, 29.206163733020468, 25.495097567963924, 23.345235059857504, 23.194827009486403, 24.596747752497688, 22.20360331117452, 21.02379604162864, 19.235384061671343, 19.026297590440446, 28.653097563788805, 13.601470508735444, 29.068883707497267, 25.942243542145693, 24.020824298928627, 29.154759474226502, 27.892651361962706, 30.23243291566195, 34.40930106817051, 12.529964086141668, 15.811388300841896, 29.5296461204668, 35.11409973215888, 34.20526275297414, 32.01562118716424, 29.732137494637012, 33.52610922848042, 46.17358552246078, 46.69047011971501, 38.07886552931954, 31.78049716414141, 31.400636936215164, 40.52159917870962, 30.870698080866262, 34.20526275297414, 25.632011235952593, 27.16615541441225, 35.35533905932738, 47.853944456021594, 29.154759474226502, 47.38143096192854, 37.013511046643494, 39.0, 37.48332962798263, 34.52535300326414, 40.26164427839479, 23.021728866442675, 30.066592756745816, 46.010868281309364, 46.52956049652737, 41.048751503547585, 28.844410203711913, 46.69047011971501, 44.0, 42.579337712087536, 37.69615364994153, 40.19950248448356, 30.01666203960727, 32.28002478313795, 29.120439557122072, 30.59411708155671, 43.289721643826724], [15.297058540778355, 24.08318915758459, 27.018512172212592, 11.313708498984761, 23.769728648009426, 19.4164878389476, 20.615528128088304, 29.732137494637012, 0.0, 12.206555615733702, 29.832867780352597, 9.219544457292887, 9.433981132056603, 22.02271554554524, 13.92838827718412, 16.0312195418814, 19.697715603592208, 28.600699292150182, 25.298221281347036, 21.400934559032695, 21.95449840010015, 9.219544457292887, 23.706539182259394, 17.08800749063506, 18.681541692269406, 17.08800749063506, 19.1049731745428, 12.0, 19.0, 8.602325267042627, 43.174066289845804, 44.91102314577124, 38.01315561749642, 45.35416188179427, 48.46648326421054, 34.0, 48.33218389437829, 30.083217912982647, 49.64876634922564, 43.18564576337837, 44.384682042344295, 37.48332962798263, 47.01063709417264, 43.41658669218482, 33.24154027718932, 46.06517122512408, 39.21734310225516, 45.27692569068709, 45.70557952810576, 34.0147027033899, 39.0, 44.14748010928823, 48.75448697299562, 45.5411901469428, 49.33558553417604, 45.27692569068709, 48.041648597857254, 34.88552708502482, 38.91015291668744, 46.69047011971501, 33.83784863137726, 15.556349186104045, 15.0, 30.59411708155671, 14.142135623730951, 33.94112549695428, 36.87817782917155, 37.33630940518894, 15.811388300841896, 26.570660511172846, 35.35533905932738, 33.54101966249684, 15.556349186104045, 11.180339887498949, 17.72004514666935, 19.849433241279208, 27.313000567495326, 18.384776310850235, 36.069377593742864, 25.80697580112788, 37.69615364994153, 30.01666203960727, 28.635642126552707, 19.72308292331602, 21.02379604162864, 19.697715603592208, 31.89043743820395, 36.124783736376884, 29.068883707497267, 36.05551275463989, 36.87817782917155, 29.732137494637012, 33.60059523282288, 36.40054944640259, 24.08318915758459, 20.615528128088304, 14.212670403551895, 13.416407864998739, 16.1245154965971, 25.80697580112788], [6.4031242374328485, 14.866068747318506, 14.866068747318506, 2.23606797749979, 12.165525060596439, 13.416407864998739, 12.165525060596439, 17.69180601295413, 12.206555615733702, 0.0, 17.69180601295413, 4.0, 2.8284271247461903, 13.416407864998739, 3.605551275463989, 8.48528137423857, 8.06225774829855, 16.401219466856727, 14.035668847618199, 10.44030650891055, 9.848857801796104, 4.0, 11.704699910719626, 6.082762530298219, 12.083045973594572, 6.082762530298219, 7.615773105863909, 11.180339887498949, 15.620499351813308, 5.0, 35.0, 37.013511046643494, 27.892651361962706, 37.013511046643494, 38.8329756778952, 28.792360097775937, 38.3275357934736, 22.090722034374522, 39.21734310225516, 36.49657518178932, 36.013886210738214, 30.265491900843113, 37.107950630558946, 35.014282800023196, 26.68332812825267, 35.73513677041127, 30.14962686336267, 34.539832078341085, 38.05259518088089, 24.331050121192877, 33.52610922848042, 36.0, 38.600518131237564, 38.118237105091836, 40.311288741492746, 38.3275357934736, 41.773197148410844, 24.73863375370596, 28.861739379323623, 39.05124837953327, 32.64965543462902, 21.37755832643195, 19.6468827043885, 28.0178514522438, 20.223748416156685, 38.01315561749642, 39.96248240537617, 36.235341863986875, 19.924858845171276, 26.1725046566048, 36.124783736376884, 30.528675044947494, 21.37755832643195, 12.649110640673518, 18.027756377319946, 24.351591323771842, 35.22782990761707, 19.72308292331602, 39.824615503479755, 28.653097563788805, 36.87817782917155, 31.400636936215164, 29.068883707497267, 27.16615541441225, 17.804493814764857, 21.095023109728988, 36.76955262170047, 39.44616584663204, 32.64965543462902, 31.38470965295043, 39.96248240537617, 34.539832078341085, 36.05551275463989, 35.4682957019364, 29.410882339705484, 21.633307652783937, 19.4164878389476, 16.76305461424021, 19.313207915827967, 32.01562118716424], [17.88854381999832, 17.029386365926403, 2.8284271247461903, 18.601075237738275, 10.04987562112089, 19.0, 15.0, 1.4142135623730951, 29.832867780352597, 17.69180601295413, 0.0, 20.808652046684813, 20.518284528683193, 18.027756377319946, 17.204650534085253, 19.313207915827967, 12.083045973594572, 2.0, 11.045361017187261, 10.198039027185569, 8.94427190999916, 20.808652046684813, 8.246211251235321, 14.7648230602334, 18.027756377319946, 14.7648230602334, 11.180339887498949, 24.041630560342615, 23.0, 21.633307652783937, 26.419689627245813, 28.653097563788805, 16.15549442140351, 27.730849247724095, 26.476404589747453, 27.459060435491963, 25.179356624028344, 18.027756377319946, 25.0, 30.610455730027933, 26.832815729997478, 24.758836806279895, 24.331050121192877, 25.942243542145693, 23.600847442411894, 22.090722034374522, 20.591260281974, 20.0, 30.01666203960727, 15.0, 30.479501308256342, 27.294688127912362, 25.079872407968907, 30.528675044947494, 29.120439557122072, 31.622776601683793, 35.805027579936315, 13.892443989449804, 17.08800749063506, 30.886890422961002, 36.40054944640259, 34.92849839314596, 32.7566787083184, 31.016124838541646, 34.20526275297414, 47.265209192385896, 47.853944456021594, 39.395431207184416, 32.55764119219941, 32.55764119219941, 41.7612260356422, 32.202484376209235, 34.92849839314596, 26.248809496813376, 28.071337695236398, 36.22154055254967, 48.662100242385755, 30.066592756745816, 48.507731342539614, 38.05259518088089, 40.311288741492746, 38.63935817272331, 35.6931365951495, 41.0, 24.08318915758459, 31.016124838541646, 47.042533945356304, 47.67598976424087, 42.1070065428546, 30.23243291566195, 47.853944456021594, 45.0111097397076, 43.73785545725808, 39.0, 41.10960958218893, 31.0, 32.984845004941285, 29.832867780352597, 31.400636936215164, 44.181444068749045], [9.848857801796104, 18.681541692269406, 18.027756377319946, 2.23606797749979, 16.1245154965971, 12.165525060596439, 12.165525060596439, 20.615528128088304, 9.219544457292887, 4.0, 20.808652046684813, 0.0, 2.8284271247461903, 17.08800749063506, 7.280109889280518, 11.661903789690601, 12.041594578792296, 19.72308292331602, 18.027756377319946, 12.206555615733702, 13.601470508735444, 0.0, 15.524174696260024, 10.04987562112089, 11.045361017187261, 10.04987562112089, 9.899494936611665, 7.810249675906654, 13.416407864998739, 1.0, 35.22782990761707, 37.12142238654117, 29.154759474226502, 37.33630940518894, 39.84971769034255, 27.65863337187866, 39.56008088970496, 22.090722034374522, 40.718546143004666, 36.05551275463989, 36.345563690772494, 30.0, 38.27531841800928, 35.35533905932738, 26.076809620810597, 37.16180835212409, 30.805843601498726, 36.235341863986875, 38.05259518088089, 25.298221281347036, 32.55764119219941, 36.22154055254967, 39.92492955535426, 38.01315561749642, 41.0, 38.01315561749642, 41.19465984809196, 26.0, 30.083217912982647, 39.05124837953327, 30.23243291566195, 17.46424919657298, 15.811388300841896, 25.942243542145693, 16.278820596099706, 34.48187929913333, 36.61966684720111, 33.83784863137726, 16.15549442140351, 23.430749027719962, 33.24154027718932, 28.635642126552707, 17.46424919657298, 8.94427190999916, 14.866068747318506, 20.615528128088304, 31.25699921617557, 16.401219466856727, 36.359317925395686, 25.238858928247925, 34.40930106817051, 28.319604517012593, 26.1725046566048, 23.194827009486403, 15.652475842498529, 17.804493814764857, 33.1058907144937, 36.05551275463989, 29.154759474226502, 30.083217912982647, 36.61966684720111, 30.870698080866262, 32.802438933713454, 33.015148038438355, 25.632011235952593, 18.439088914585774, 15.524174696260024, 13.0, 15.652475842498529, 28.160255680657446], [7.280109889280518, 16.278820596099706, 17.69180601295413, 3.0, 14.560219778561036, 14.560219778561036, 14.0, 20.518284528683193, 9.433981132056603, 2.8284271247461903, 20.518284528683193, 2.8284271247461903, 0.0, 14.560219778561036, 5.0, 8.94427190999916, 10.44030650891055, 19.209372712298546, 16.278820596099706, 13.0, 12.529964086141668, 2.8284271247461903, 14.317821063276353, 8.06225774829855, 13.341664064126334, 8.06225774829855, 10.295630140987, 10.63014581273465, 16.1245154965971, 3.605551275463989, 37.05401462729781, 39.01281840626232, 30.364452901377952, 39.11521443121589, 41.23105625617661, 30.083217912982647, 40.80441152620633, 24.0, 41.78516483155236, 38.2099463490856, 38.118237105091836, 32.0624390837628, 39.56008088970496, 37.12142238654117, 28.284271247461902, 38.27531841800928, 32.38826948140329, 37.16180835212409, 40.0, 26.68332812825267, 34.92849839314596, 38.05259518088089, 41.10960958218893, 40.01249804748511, 42.579337712087536, 40.11234224026316, 43.41658669218482, 27.202941017470888, 31.32091952673165, 41.0, 33.015148038438355, 19.924858845171276, 18.384776310850235, 28.653097563788805, 18.681541692269406, 37.21558813185679, 39.408120990476064, 36.61966684720111, 18.788294228055936, 26.248809496813376, 36.069377593742864, 31.304951684997057, 19.924858845171276, 11.661903789690601, 17.69180601295413, 23.259406699226016, 33.54101966249684, 19.209372712298546, 39.11521443121589, 28.0178514522438, 37.20215047547655, 31.144823004794873, 29.0, 25.495097567963924, 18.35755975068582, 20.615528128088304, 35.77708763999664, 38.8329756778952, 31.906112267087632, 32.57299494980466, 39.408120990476064, 33.54101966249684, 35.608987629529715, 35.805027579936315, 28.231188426986208, 21.2602916254693, 18.027756377319946, 15.652475842498529, 18.35755975068582, 30.675723300355934], [7.280109889280518, 2.23606797749979, 16.0312195418814, 15.652475842498529, 8.0, 25.45584412271571, 22.80350850198276, 19.0, 22.02271554554524, 13.416407864998739, 18.027756377319946, 17.08800749063506, 14.560219778561036, 0.0, 9.848857801796104, 6.0, 8.06225774829855, 16.0312195418814, 7.280109889280518, 18.35755975068582, 10.44030650891055, 17.08800749063506, 10.04987562112089, 7.810249675906654, 24.041630560342615, 7.810249675906654, 15.811388300841896, 24.596747752497688, 28.42534080710379, 18.027756377319946, 42.720018726587654, 44.9221548904324, 33.37663853655727, 44.384682042344295, 44.181444068749045, 39.66106403010388, 43.04648650006177, 31.304951684997057, 43.01162633521314, 45.69463863518345, 43.41658669218482, 39.395431207184416, 42.1070065428546, 42.44997055358225, 36.71511950137164, 40.01249804748511, 37.107950630558946, 38.01315561749642, 46.17358552246078, 31.04834939252005, 43.9089968002003, 43.68065933568311, 43.01162633521314, 46.486557196677836, 46.52956049652737, 47.16990566028302, 51.07837115648854, 30.59411708155671, 34.36568055487916, 47.12748667179272, 45.27692569068709, 34.48187929913333, 32.89376840679705, 40.311288741492746, 33.24154027718932, 51.42956348249516, 53.33854141237835, 48.79549159502341, 33.24154027718932, 39.20459156782532, 49.20365840057018, 42.5205832509386, 34.48187929913333, 26.0, 31.38470965295043, 37.69615364994153, 48.05205510693585, 33.12099032335839, 53.23532661682466, 42.05948168962618, 49.51767361255979, 44.654227123532216, 42.20189569201838, 40.024992192379, 30.479501308256342, 34.48187929913333, 50.15974481593781, 52.839379254491625, 46.06517122512408, 42.43819034784589, 53.33854141237835, 47.92702786528704, 49.39635614091387, 48.104053883222775, 42.720018726587654, 34.9857113690718, 32.57299494980466, 30.083217912982647, 32.69556544854363, 45.221676218380054], [2.8284271247461903, 11.40175425099138, 14.422205101855956, 5.830951894845301, 9.848857801796104, 16.64331697709324, 14.866068747318506, 17.4928556845359, 13.92838827718412, 3.605551275463989, 17.204650534085253, 7.280109889280518, 5.0, 9.848857801796104, 0.0, 5.0, 5.830951894845301, 15.620499351813308, 11.40175425099138, 12.0, 8.48528137423857, 7.280109889280518, 10.0, 3.1622776601683795, 15.264337522473747, 3.1622776601683795, 9.0, 14.7648230602334, 19.1049731745428, 8.246211251235321, 37.12142238654117, 39.20459156782532, 29.274562336608895, 39.05124837953327, 40.311288741492746, 31.78049716414141, 39.6232255123179, 24.515301344262525, 40.26164427839479, 39.05124837953327, 38.05259518088089, 32.7566787083184, 38.47076812334269, 37.05401462729781, 29.410882339705484, 36.87817782917155, 32.0, 35.4400902933387, 40.311288741492746, 26.019223662515376, 36.40054944640259, 38.118237105091836, 39.81205847478876, 40.44749683231337, 42.04759208325728, 40.792156108742276, 44.384682042344295, 26.1725046566048, 30.265491900843113, 41.30375285612676, 36.124783736376884, 24.73863375370596, 23.08679276123039, 31.400636936215164, 23.53720459187964, 41.593268686170845, 43.56604182158393, 39.698866482558415, 23.40939982143925, 29.732137494637012, 39.698866482558415, 33.83784863137726, 24.73863375370596, 16.15549442140351, 21.633307652783937, 27.85677655436824, 38.47076812334269, 23.323807579381203, 43.41658669218482, 32.2490309931942, 40.36087214122113, 35.0, 32.64965543462902, 30.4138126514911, 21.2602916254693, 24.698178070456937, 40.311288741492746, 43.04648650006177, 36.235341863986875, 34.438350715445125, 43.56604182158393, 38.07886552931954, 39.66106403010388, 38.948684188300895, 32.89376840679705, 25.238858928247925, 22.80350850198276, 20.248456731316587, 22.847319317591726, 35.4400902933387], [2.23606797749979, 8.06225774829855, 16.76305461424021, 10.63014581273465, 10.0, 21.633307652783937, 19.697715603592208, 19.924858845171276, 16.0312195418814, 8.48528137423857, 19.313207915827967, 11.661903789690601, 8.94427190999916, 6.0, 5.0, 0.0, 7.280109889280518, 17.46424919657298, 10.63014581273465, 16.278820596099706, 10.44030650891055, 11.661903789690601, 11.180339887498949, 5.0, 20.248456731316587, 5.0, 13.341664064126334, 19.4164878389476, 24.08318915758459, 12.529964086141668, 41.43669871020132, 43.56604182158393, 33.015148038438355, 43.289721643826724, 44.04543109109048, 36.6742416417845, 43.18564576337837, 29.120439557122072, 43.56604182158393, 43.68065933568311, 42.2965719651132, 37.36308338453881, 42.1070065428546, 41.30375285612676, 34.17601498127012, 40.311288741492746, 36.124783736376884, 38.63935817272331, 44.721359549995796, 30.066592756745816, 41.23105625617661, 42.42640687119285, 43.289721643826724, 44.91102314577124, 46.010868281309364, 45.35416188179427, 49.040799340956916, 30.0, 34.0147027033899, 45.70557952810576, 41.10960958218893, 28.792360097775937, 27.313000567495326, 36.40054944640259, 27.51363298439521, 46.14108798023731, 48.25971404805462, 44.68780594300866, 27.730849247724095, 34.655446902326915, 44.598206241955516, 38.8329756778952, 28.792360097775937, 20.591260281974, 26.40075756488817, 32.202484376209235, 42.20189569201838, 28.0178514522438, 48.02082881417188, 36.89173349139343, 45.34313619501854, 39.824615503479755, 37.53664875824692, 34.20526275297414, 26.248809496813376, 29.410882339705484, 44.721359549995796, 47.70744176750625, 40.8166632639171, 39.35733730830886, 48.25971404805462, 42.485291572496, 44.40720662234904, 43.93176527297759, 37.16180835212409, 30.0, 26.92582403567252, 24.596747752497688, 27.294688127912362, 39.56008088970496], [5.830951894845301, 8.48528137423857, 9.486832980505138, 10.0, 4.123105625617661, 17.804493814764857, 14.866068747318506, 12.649110640673518, 19.697715603592208, 8.06225774829855, 12.083045973594572, 12.041594578792296, 10.44030650891055, 8.06225774829855, 5.830951894845301, 7.280109889280518, 0.0, 10.295630140987, 6.0, 10.295630140987, 3.1622776601683795, 12.041594578792296, 4.242640687119285, 2.8284271247461903, 16.401219466856727, 2.8284271247461903, 7.810249675906654, 18.439088914585774, 21.095023109728988, 13.038404810405298, 34.92849839314596, 37.107950630558946, 26.019223662515376, 36.6742416417845, 37.0, 31.622776601683793, 36.05551275463989, 23.259406699226016, 36.345563690772494, 37.69615364994153, 35.6931365951495, 31.38470965295043, 35.014282800023196, 34.713109915419565, 28.653097563788805, 33.13608305156178, 29.427877939124322, 31.400636936215164, 38.3275357934736, 23.345235059857504, 35.84689665786984, 35.90264614203248, 36.124783736376884, 38.600518131237564, 39.11521443121589, 39.21734310225516, 43.08131845707603, 23.08679276123039, 27.018512172212592, 39.293765408777, 37.64306044943742, 29.154759474226502, 27.294688127912362, 32.55764119219941, 28.071337695236398, 44.94441010848846, 46.51881339845203, 41.10960958218893, 27.459060435491963, 31.906112267087632, 41.88078318274385, 34.655446902326915, 29.154759474226502, 