O=[[30.805843601498726, 35.6931365951495, 10.0, 54.378304497290095, 27.892651361962706, 47.634021455258214, 41.0, 38.91015291668744, 4.242640687119285, 42.1070065428546, 45.254833995939045, 41.6293165929973, 27.459060435491963, 49.49747468305833, 47.01063709417264, 39.11521443121589, 49.03060268852505, 25.019992006393608, 41.10960958218893, 32.01562118716424, 33.06055050963308, 44.28317965096906, 54.20332093147061, 43.60045871318328, 23.021728866442675, 38.07886552931954, 50.96076922496363, 37.33630940518894, 15.524174696260024, 7.615773105863909, 46.486557196677836, 48.041648597857254, 27.16615541441225, 8.54400374531753, 53.03772242470448, 36.71511950137164, 19.6468827043885, 51.66236541235796, 29.732137494637012, 46.09772228646444, 33.24154027718932, 49.09175083453431, 43.266615305567875, 27.51363298439521, 36.87817782917155, 33.015148038438355, 41.30375285612676, 19.235384061671343, 27.586228448267445, 44.204072210600685, 34.52535300326414, 53.225933528685054, 52.80151512977634, 26.832815729997478, 9.433981132056603, 12.083045973594572, 39.92492955535426, 26.92582403567252, 59.405386961116584, 31.575306807693888, 35.35533905932738, 55.0, 22.090722034374522, 37.57658845611187, 46.2709412050371, 6.4031242374328485, 34.23448553724738, 52.49761899362675, 11.704699910719626, 42.720018726587654, 45.27692569068709, 55.758407437802596, 29.068883707497267, 31.400636936215164, 17.88854381999832, 30.083217912982647, 25.96150997149434, 25.079872407968907, 19.849433241279208, 44.598206241955516, 11.0, 47.01063709417264, 45.27692569068709, 44.28317965096906, 40.0, 45.39823785126467, 21.840329667841555, 22.135943621178654, 8.246211251235321, 2.8284271247461903, 34.23448553724738, 2.0, 26.40075756488817, 34.66987164671943, 48.104053883222775, 31.04834939252005, 44.28317965096906, 47.53945729601885, 54.56189146281496, 45.221676218380054], [15.132745950421556, 18.867962264113206, 39.92492955535426, 38.01315561749642, 24.08318915758459, 39.81205847478876, 5.0, 27.85677655436824, 42.42640687119285, 12.36931687685298, 43.01162633521314, 26.92582403567252, 53.81449618829484, 16.492422502470642, 10.198039027185569, 32.31098884280702, 3.1622776601683795, 22.360679774997898, 43.86342439892262, 42.20189569201838, 13.892443989449804, 28.442925306655784, 42.04759208325728, 47.92702786528704, 54.405882034941776, 30.463092423455635, 23.345235059857504, 24.166091947189145, 32.69556544854363, 38.47076812334269, 24.020824298928627, 7.615773105863909, 18.973665961010276, 37.48332962798263, 46.52956049652737, 29.966648127543394, 26.30589287593181, 44.553338819890925, 17.029386365926403, 28.160255680657446, 13.0, 36.22154055254967, 49.658836071740545, 19.0, 37.12142238654117, 33.28663395418648, 5.656854249492381, 33.28663395418648, 38.948684188300895, 47.53945729601885, 18.601075237738275, 32.14031735997639, 31.144823004794873, 29.698484809834994, 40.01249804748511, 44.721359549995796, 25.298221281347036, 31.827660925679098, 44.10215414239989, 55.86591089385369, 48.82622246293481, 42.01190307520001, 25.495097567963924, 51.86520991955976, 14.035668847618199, 43.32435804486894, 59.413803110051795, 43.289721643826724, 41.048751503547585, 50.08991914547278, 44.27188724235731, 39.05124837953327, 40.45985664828782, 42.80186911806539, 44.654227123532216, 17.11724276862369, 25.612496949731394, 21.18962010041709, 37.20215047547655, 40.80441152620633, 45.044422518220834, 10.198039027185569, 41.7612260356422, 28.442925306655784, 10.295630140987, 3.0, 49.20365840057018, 48.41487374764082, 37.656340767525464, 44.384682042344295, 12.083045973594572, 45.5411901469428, 41.72529209005013, 46.04345773288535, 26.0, 53.75872022286245, 4.123105625617661, 27.018512172212592, 33.24154027718932, 35.90264614203248], [29.154759474226502, 38.01315561749642, 17.46424919657298, 59.54829972383762, 31.064449134018133, 53.81449618829484, 39.01281840626232, 43.41658669218482, 7.280109889280518, 43.01162633521314, 52.20153254455275, 45.803929962395145, 37.21558813185679, 50.92150822589606, 47.29693436154187, 44.553338819890925, 47.0, 26.40075756488817, 48.54894437575342, 39.824615503479755, 32.984845004941285, 48.60041152089147, 60.108235708594876, 51.478150704935004, 33.0, 43.18564576337837, 53.665631459994955, 41.048751503547585, 19.79898987322333, 9.219544457292887, 49.73932046178355, 47.67598976424087, 26.92582403567252, 9.899494936611665, 59.81638571495272, 41.773197148410844, 18.681541692269406, 58.25804665451803, 27.0, 50.21951811795888, 32.55764119219941, 54.48853090330111, 51.42956348249516, 25.019992006393608, 43.41658669218482, 38.948684188300895, 40.311288741492746, 24.839484696748443, 34.9857113690718, 51.97114584074513, 36.6742416417845, 57.42821606144492, 56.859475903318, 31.827660925679098, 4.47213595499958, 21.37755832643195, 43.829214001622255, 32.55764119219941, 65.06919393998976, 41.30375285612676, 44.01136216933077, 60.81118318204309, 24.186773244895647, 46.486557196677836, 47.43416490252569, 15.297058540778355, 44.10215414239989, 58.7962583843564, 3.1622776601683795, 50.99019513592785, 52.43090691567332, 60.959002616512684, 36.71511950137164, 39.35733730830886, 26.92582403567252, 27.018512172212592, 29.410882339705484, 25.298221281347036, 26.92582403567252, 51.22499389946279, 1.4142135623730951, 47.29693436154187, 52.009614495783374, 48.60041152089147, 40.26164427839479, 44.181444068749045, 31.400636936215164, 31.575306807693888, 10.63014581273465, 12.041594578792296, 33.54101966249684, 8.06225774829855, 34.438350715445125, 42.95346318982906, 51.62363799656123, 40.607881008493905, 43.289721643826724, 51.31276644267, 58.82176467941097, 50.91168824543142], [22.20360331117452, 23.021728866442675, 4.0, 41.048751503547585, 15.033296378372908, 34.655446902326915, 31.76476034853718, 25.495097567963924, 12.727922061357855, 30.14962686336267, 32.802438933713454, 28.231188426986208, 22.135943621178654, 37.013511046643494, 35.35533905932738, 25.80697580112788, 39.395431207184416, 13.92838827718412, 29.154759474226502, 20.615528128088304, 22.47220505424423, 30.870698080866262, 41.10960958218893, 32.202484376209235, 20.248456731316587, 24.698178070456937, 37.8549864614954, 24.041630560342615, 3.605551275463989, 10.295630140987, 33.24154027718932, 36.87817782917155, 17.4928556845359, 9.848857801796104, 40.45985664828782, 23.323807579381203, 13.038404810405298, 38.948684188300895, 22.627416997969522, 32.69556544854363, 23.259406699226016, 35.805027579936315, 32.31098884280702, 20.518284528683193, 24.08318915758459, 19.849433241279208, 31.016124838541646, 5.830951894845301, 15.652475842498529, 32.64965543462902, 22.0, 39.81205847478876, 39.395431207184416, 13.416407864998739, 15.652475842498529, 8.602325267042627, 26.570660511172846, 13.601470508735444, 46.22769732530488, 25.709920264364882, 25.495097567963924, 41.86884283091664, 10.770329614269007, 28.284271247461902, 34.0147027033899, 8.06225774829855, 29.120439557122072, 39.59797974644666, 18.788294228055936, 31.953090617340916, 33.015148038438355, 42.43819034784589, 17.46424919657298, 20.248456731316587, 10.770329614269007, 23.345235059857504, 13.038404810405298, 15.264337522473747, 7.615773105863909, 31.89043743820395, 20.808652046684813, 35.35533905932738, 32.64965543462902, 30.870698080866262, 28.635642126552707, 35.11409973215888, 16.15549442140351, 15.811388300841896, 8.94427190999916, 10.770329614269007, 24.166091947189145, 14.422205101855956, 15.524174696260024, 24.041630560342615, 34.785054261852174, 24.331050121192877, 33.83784863137726, 34.17601498127012, 41.14608122288197, 32.01562118716424], [41.773197148410844, 37.12142238654117, 18.973665961010276, 44.28317965096906, 30.23243291566195, 35.510561809129406, 50.32891812864648, 33.734255586866, 27.018512172212592, 45.17742799230607, 31.04834939252005, 36.6742416417845, 4.242640687119285, 49.9799959983992, 50.53711507397311, 31.144823004794873, 57.201398584300364, 32.526911934581186, 25.96150997149434, 18.027756377319946, 40.45985664828782, 38.3275357934736, 41.97618372363071, 26.40075756488817, 1.4142135623730951, 31.400636936215164, 48.05205510693585, 34.785054261852174, 23.853720883753127, 27.459060435491963, 42.95346318982906, 52.839379254491625, 36.796738985948195, 27.65863337187866, 38.27531841800928, 30.59411708155671, 33.61547262794322, 37.64306044943742, 42.80186911806539, 40.311288741492746, 41.773197148410844, 39.11521443121589, 25.059928172283335, 40.80441152620633, 26.0, 25.495097567963924, 48.60041152089147, 21.213203435596427, 17.46424919657298, 27.313000567495326, 36.71511950137164, 46.010868281309364, 46.04345773288535, 25.059928172283335, 32.14031735997639, 13.341664064126334, 36.138621999185304, 23.259406699226016, 47.29693436154187, 8.06225774829855, 16.55294535724685, 42.95346318982906, 29.732137494637012, 17.204650534085253, 47.92702786528704, 19.1049731745428, 10.198039027185569, 39.293765408777, 35.05709628591621, 24.186773244895647, 30.364452901377952, 45.39823785126467, 17.11724276862369, 17.029386365926403, 10.0, 43.60045871318328, 28.600699292150182, 34.713109915419565, 17.029386365926403, 31.575306807693888, 35.05709628591621, 50.53711507397311, 31.78049716414141, 38.3275357934736, 44.94441010848846, 52.43090691567332, 5.0, 5.830951894845301, 26.68332812825267, 22.0, 42.5205832509386, 26.076809620810597, 14.317821063276353, 17.72004514666935, 43.56604182158393, 8.48528137423857, 51.03920062069938, 42.42640687119285, 47.0, 35.05709628591621]]
C=[[0.0, 14.866068747318506, 25.553864678361276, 39.395431207184416, 14.317821063276353, 37.656340767525464, 10.198039027185569, 24.515301344262525, 27.294688127912362, 15.620499351813308, 39.05124837953327, 25.298221281347036, 42.20189569201838, 23.600847442411894, 18.788294228055936, 28.160255680657446, 18.24828759089466, 9.433981132056603, 38.118237105091836, 33.52610922848042, 5.830951894845301, 27.85677655436824, 42.05948168962618, 42.190046219457976, 41.72529209005013, 26.1725046566048, 28.319604517012593, 20.615528128088304, 18.601075237738275, 23.345235059857504, 26.076809620810597, 18.681541692269406, 5.0, 22.360679774997898, 44.721359549995796, 25.079872407968907, 11.180339887498949, 42.7551166528639, 3.605551275463989, 28.635642126552707, 4.242640687119285, 35.73513677041127, 43.41658669218482, 4.47213595499958, 31.064449134018133, 26.1725046566048, 11.180339887498949, 20.615528128088304, 29.154759474226502, 42.1070065428546, 13.601470508735444, 34.9857113690718, 34.132096331752024, 19.924858845171276, 25.019992006393608, 30.805843601498726, 23.08679276123039, 22.135943621178654, 45.69463863518345, 44.94441010848846, 40.162171256046406, 42.37924020083418, 12.041594578792296, 43.32435804486894, 20.0, 28.635642126552707, 48.54894437575342, 42.20189569201838, 26.30589287593181, 43.56604182158393, 40.01249804748511, 40.718546143004666, 31.016124838541646, 33.83784863137726, 31.827660925679098, 4.47213595499958, 14.866068747318506, 7.0710678118654755, 25.0, 37.12142238654117, 30.265491900843113, 18.788294228055936, 38.118237105091836, 27.85677655436824, 12.206555615733702, 15.033296378372908, 36.87817782917155, 36.235341863986875, 22.561028345356956, 29.410882339705484, 5.0, 30.4138126514911, 31.304951684997057, 37.64306044943742, 28.30194339616981, 43.04648650006177, 14.142135623730951, 28.653097563788805, 36.359317925395686, 33.734255586866], [14.866068747318506, 0.0, 27.018512172212592, 24.596747752497688, 8.0, 23.08679276123039, 16.76305461424021, 10.0, 33.52610922848042, 8.06225774829855, 25.179356624028344, 10.44030650891055, 36.05551275463989, 14.0, 13.416407864998739, 14.142135623730951, 21.400934559032695, 11.661903789690601, 25.298221281347036, 23.430749027719962, 9.219544457292887, 13.0, 27.202941017470888, 29.410882339705484, 37.57658845611187, 12.165525060596439, 15.652475842498529, 6.0, 20.223748416156685, 29.732137494637012, 12.041594578792296, 15.811388300841896, 12.806248474865697, 28.792360097775937, 30.14962686336267, 11.40175425099138, 20.0, 28.160255680657446, 18.384776310850235, 13.892443989449804, 11.180339887498949, 20.8806130178211, 31.016124838541646, 18.35755975068582, 18.384776310850235, 14.422205101855956, 13.416407864998739, 18.110770276274835, 20.615528128088304, 29.120439557122072, 1.4142135623730951, 20.615528128088304, 19.849433241279208, 12.083045973594572, 33.54101966249684, 30.265491900843113, 8.246211251235321, 13.892443989449804, 30.870698080866262, 37.64306044943742, 30.0, 27.51363298439521, 13.92838827718412, 33.015148038438355, 11.180339887498949, 31.064449134018133, 41.10960958218893, 27.459060435491963, 35.84689665786984, 31.38470965295043, 26.30589287593181, 25.942243542145693, 21.93171219946131, 24.08318915758459, 28.460498941515414, 19.313207915827967, 10.0, 13.45362404707371, 20.8806130178211, 23.08679276123039, 39.35733730830886, 13.416407864998739, 24.08318915758459, 13.0, 8.602325267042627, 16.401219466856727, 32.202484376209235, 31.304951684997057, 28.460498941515414, 33.37663853655727, 11.045361017187261, 36.138621999185304, 23.600847442411894, 27.202941017470888, 14.142135623730951, 35.4682957019364, 15.0, 14.212670403551895, 22.02271554554524, 19.1049731745428], [25.553864678361276, 27.018512172212592, 0.0, 44.41846462902562, 19.026297590440446, 37.64306044943742, 35.34119409414458, 29.154759474226502, 10.295630140987, 34.132096331752024, 35.38361202590826, 31.953090617340916, 21.213203435596427, 41.012193308819754, 39.319206502675, 29.154759474226502, 43.08131845707603, 17.72004514666935, 31.400636936215164, 22.47220505424423, 26.248809496813376, 34.539832078341085, 44.204072210600685, 34.132096331752024, 18.384776310850235, 28.178005607210743, 41.773197148410844, 27.892651361962706, 7.280109889280518, 9.055385138137417, 37.107950630558946, 40.792156108742276, 21.02379604162864, 9.0, 43.139309220245984, 26.832815729997478, 15.556349186104045, 41.72529209005013, 25.612496949731394, 36.40054944640259, 26.92582403567252, 39.11521443121589, 34.0, 23.430749027719962, 26.90724809414742, 23.021728866442675, 34.785054261852174, 9.486832980505138, 17.804493814764857, 34.66987164671943, 26.0, 43.46262762420146, 43.08131845707603, 17.08800749063506, 14.317821063276353, 5.830951894845301, 30.364452901377952, 17.0, 49.4064773081425, 25.079872407968907, 26.570660511172846, 45.0, 14.560219778561036, 29.120439557122072, 38.01315561749642, 4.123105625617661, 28.284271247461902, 42.5205832509386, 17.46424919657298, 33.54101966249684, 35.4682957019364, 45.79301256742124, 19.4164878389476, 21.95449840010015, 10.0, 26.248809496813376, 17.029386365926403, 18.788294228055936, 9.899494936611665, 34.655446902326915, 18.788294228055936, 39.319206502675, 35.35533905932738, 34.539832078341085, 32.55764119219941, 38.897300677553446, 15.132745950421556, 15.033296378372908, 8.0, 7.211102550927978, 27.85677655436824, 11.313708498984761, 17.0, 25.495097567963924, 38.600518131237564, 24.0, 37.64306044943742, 37.94733192202055, 44.77722635447622, 35.22782990761707], [39.395431207184416, 24.596747752497688, 44.41846462902562, 0.0, 29.068883707497267, 9.055385138137417, 38.47076812334269, 16.278820596099706, 53.600373133029585, 26.30589287593181, 14.317821063276353, 14.422205101855956, 41.048751503547585, 22.20360331117452, 28.0178514522438, 15.264337522473747, 39.05124837953327, 35.0, 19.1049731745428, 26.30589287593181, 33.61547262794322, 11.661903789690601, 5.0, 20.8806130178211, 45.39823785126467, 16.401219466856727, 15.297058540778355, 19.4164878389476, 39.824615503479755, 50.44799302251776, 14.142135623730951, 31.064449134018133, 37.21558813185679, 49.678969393496885, 11.313708498984761, 17.804493814764857, 43.41658669218482, 10.0, 42.95346318982906, 10.770329614269007, 35.4682957019364, 5.385164807134504, 23.08679276123039, 42.941821107167776, 18.681541692269406, 21.470910553583888, 34.36568055487916, 35.22782990761707, 28.460498941515414, 19.924858845171276, 25.942243542145693, 6.324555320336759, 7.280109889280518, 27.80287754891569, 55.226805085936306, 44.77722635447622, 16.64331697709324, 27.459060435491963, 6.324555320336759, 40.049968789001575, 29.068883707497267, 4.47213595499958, 36.124783736376884, 30.4138126514911, 24.0, 48.373546489791295, 42.2965719651132, 7.810249675906654, 58.0, 24.041630560342615, 15.524174696260024, 1.4142135623730951, 27.892651361962706, 27.294688127912362, 40.162171256046406, 43.86342439892262, 30.4138126514911, 37.44329045369811, 34.88552708502482, 13.038404810405298, 60.959002616512684, 28.0178514522438, 13.152946437965905, 11.661903789690601, 29.614185789921695, 35.014282800023196, 40.792156108742276, 39.81205847478876, 49.040799340956916, 51.62363799656123, 35.11409973215888, 55.47071299343465, 31.04834939252005, 27.0, 12.041594578792296, 38.01315561749642, 34.058772731852805, 11.180339887498949, 5.830951894845301, 9.486832980505138], [14.317821063276353, 8.0, 19.026297590440446, 29.068883707497267, 0.0, 25.079872407968907, 20.615528128088304, 12.806248474865697, 26.0, 15.524174696260024, 25.495097567963924, 14.866068747318506, 29.732137494637012, 22.0, 20.8806130178211, 15.231546211727817, 27.018512172212592, 6.324555320336759, 24.0, 19.313207915827967, 10.816653826391969, 17.69180601295413, 30.528675044947494, 28.0178514522438, 30.528675044947494, 13.416407864998739, 23.08679276123039, 10.0, 12.36931687685298, 22.360679774997898, 18.788294228055936, 22.847319317591726, 10.0, 21.470910553583888, 31.953090617340916, 12.083045973594572, 14.422205101855956, 30.083217912982647, 17.029386365926403, 19.209372712298546, 12.529964086141668, 24.413111231467404, 29.154759474226502, 16.0312195418814, 17.029386365926403, 12.0, 18.439088914585774, 10.198039027185569, 15.264337522473747, 28.0, 7.0710678118654755, 26.40075756488817, 25.80697580112788, 5.830951894845301, 26.627053911388696, 22.360679774997898, 12.806248474865697, 8.06225774829855, 35.0, 31.89043743820395, 26.0, 31.064449134018133, 7.0710678118654755, 29.154759474226502, 19.1049731745428, 23.08679276123039, 35.4682957019364, 29.966648127543394, 29.206163733020468, 29.274562336608895, 26.30589287593181, 30.479501308256342, 17.0, 19.697715603592208, 21.02379604162864, 18.027756377319946, 2.0, 9.219544457292887, 13.416407864998739, 23.769728648009426, 32.449961479175904, 20.8806130178211, 24.73863375370596, 17.69180601295413, 14.7648230602334, 22.20360331117452, 25.238858928247925, 24.413111231467404, 21.02379604162864, 25.495097567963924, 13.038404810405298, 28.460498941515414, 17.804493814764857, 23.40939982143925, 20.591260281974, 29.832867780352597, 20.808652046684813, 20.248456731316587, 27.80287754891569, 21.470910553583888], [37.656340767525464, 23.08679276123039, 37.64306044943742, 9.055385138137417, 25.079872407968907, 0.0, 39.11521443121589, 13.152946437965905, 47.38143096192854, 27.459060435491963, 5.385164807134504, 13.038404810405298, 32.14031735997639, 25.942243542145693, 30.675723300355934, 9.848857801796104, 41.48493702538308, 31.38470965295043, 10.04987562112089, 17.72004514666935, 32.2490309931942, 11.40175425099138, 6.708203932499369, 12.083045973594572, 36.6742416417845, 11.704699910719626, 20.0, 17.11724276862369, 34.058772731852805, 44.598206241955516, 16.55294535724685, 33.83784863137726, 34.48187929913333, 43.93176527297759, 7.0710678118654755, 13.0, 39.35733730830886, 5.0990195135927845, 41.0, 12.083045973594572, 34.23448553724738, 5.0, 14.317821063276353, 40.52159917870962, 10.816653826391969, 14.866068747318506, 35.22782990761707, 29.0, 20.591260281974, 11.180339887498949, 24.186773244895647, 13.038404810405298, 13.601470508735444, 22.20360331117452, 49.678969393496885, 37.21558813185679, 15.0, 21.2602916254693, 12.083045973594572, 31.016124838541646, 20.024984394500787, 7.615773105863909, 31.76476034853718, 21.37755832643195, 26.570660511172846, 41.400483088968905, 33.24154027718932, 5.0, 52.630789467763066, 15.231546211727817, 6.708203932499369, 10.0, 19.697715603592208, 18.681541692269406, 32.202484376209235, 41.97618372363071, 25.942243542145693, 34.17601498127012, 27.80287754891569, 4.0, 55.226805085936306, 30.675723300355934, 4.123105625617661, 11.40175425099138, 30.14962686336267, 36.87817782917155, 32.28002478313795, 31.32091952673165, 43.18564576337837, 44.82186966202994, 34.132096331752024, 48.91829923454004, 22.847319317591726, 18.027756377319946, 15.264337522473747, 29.0, 35.6931365951495, 13.892443989449804, 13.416407864998739, 4.0], [10.198039027185569, 16.76305461424021, 35.34119409414458, 38.47076812334269, 20.615528128088304, 39.11521443121589, 0.0, 26.476404589747453, 37.48332962798263, 12.165525060596439, 41.773197148410844, 26.076809620810597, 50.20956084253277, 18.35755975068582, 12.206555615733702, 30.805843601498726, 8.06225774829855, 18.027756377319946, 42.05948168962618, 39.44616584663204, 9.899494936611665, 28.0, 42.1070065428546, 46.17358552246078, 50.44799302251776, 28.861739379323623, 24.698178070456937, 22.561028345356956, 28.178005607210743, 33.54101966249684, 24.331050121192877, 10.63014581273465, 14.317821063276353, 32.55764119219941, 46.04345773288535, 28.160255680657446, 21.37755832643195, 44.04543109109048, 12.041594578792296, 28.071337695236398, 8.602325267042627, 36.013886210738214, 47.75981574503821, 14.0, 35.11409973215888, 30.870698080866262, 4.123105625617661, 29.206163733020468, 35.805027579936315, 45.880278987817846, 16.15549442140351, 32.984845004941285, 32.01562118716424, 26.40075756488817, 35.014282800023196, 40.311288741492746, 24.186773244895647, 28.600699292150182, 44.721359549995796, 52.49761899362675, 46.14108798023731, 42.190046219457976, 21.095023109728988, 49.24428900898052, 15.231546211727817, 38.62641583165593, 56.08029957123981, 43.0, 36.05551275463989, 48.104053883222775, 42.95346318982906, 39.6232255123179, 37.44329045369811, 39.96248240537617, 40.607881008493905, 12.165525060596439, 21.93171219946131, 16.55294535724685, 33.301651610693426, 39.6232255123179, 40.049968789001575, 12.206555615733702, 40.607881008493905, 28.0, 9.0, 5.830951894845301, 45.34313619501854, 44.598206241955516, 32.7566787083184, 39.56008088970496, 7.810249675906654, 40.607881008493905, 38.41874542459709, 43.41658669218482, 26.476404589747453, 50.44799302251776, 5.656854249492381, 27.294688127912362, 34.20526275297414, 35.12833614050059], [24.515301344262525, 10.0, 29.154759474226502, 16.278820596099706, 12.806248474865697, 13.152946437965905, 26.476404589747453, 0.0, 37.73592452822641, 15.652475842498529, 15.297058540778355, 3.0, 31.622776601683793, 17.204650534085253, 20.0, 4.47213595499958, 29.966648127543394, 18.867962264113206, 16.1245154965971, 17.0, 19.1049731745428, 5.385164807134504, 17.88854381999832, 20.12461179749811, 34.52535300326414, 2.8284271247461903, 14.317821063276353, 4.0, 23.853720883753127, 34.40930106817051, 9.219544457292887, 23.021728866442675, 21.540659228538015, 33.60059523282288, 20.223748416156685, 3.1622776601683795, 27.202941017470888, 18.24828759089466, 27.892651361962706, 7.280109889280518, 21.095023109728988, 11.661903789690601, 21.95449840010015, 27.51363298439521, 9.899494936611665, 8.246211251235321, 22.80350850198276, 19.697715603592208, 16.278820596099706, 19.697715603592208, 11.045361017187261, 14.317821063276353, 13.92838827718412, 12.083045973594572, 39.05124837953327, 30.59411708155671, 2.8284271247461903, 12.36931687685298, 22.20360331117452, 32.202484376209235, 22.80350850198276, 18.35755975068582, 19.849433241279208, 25.495097567963924, 16.278820596099706, 33.24154027718932, 35.35533905932738, 17.72004514666935, 41.773197148410844, 22.47220505424423, 16.492422502470642, 17.69180601295413, 16.76305461424021, 17.88854381999832, 27.018512172212592, 28.861739379323623, 14.142135623730951, 21.470910553583888, 20.396078054371138, 13.152946437965905, 44.82186966202994, 20.0, 14.142135623730951, 5.385164807134504, 17.72004514666935, 25.079872407968907, 29.274562336608895, 28.284271247461902, 33.015148038438355, 36.24913792078372, 21.02379604162864, 39.824615503479755, 19.4164878389476, 20.0, 10.0, 29.966648127543394, 23.769728648009426, 9.055385138137417, 15.652475842498529, 9.219544457292887], [27.294688127912362, 33.52610922848042, 10.295630140987, 53.600373133029585, 26.0, 47.38143096192854, 37.48332962798263, 37.73592452822641, 0.0, 39.45883931389772, 45.45327270945405, 40.311288741492746, 30.066592756745816, 47.07440918375928, 44.181444068749045, 38.41874542459709, 45.5411901469428, 22.360679774997898, 41.617304093369626, 32.7566787083184, 30.01666203960727, 43.04648650006177, 53.81449618829484, 44.41846462902562, 26.076809620810597, 37.20215047547655, 49.040799340956916, 35.77708763999664, 13.892443989449804, 4.0, 44.77722635447622, 45.0111097397076, 24.0, 5.0, 53.150729063673246, 35.805027579936315, 16.1245154965971, 51.66236541235796, 25.96150997149434, 44.77722635447622, 30.01666203960727, 48.41487374764082, 44.294469180700204, 23.769728648009426, 36.796738985948195, 32.55764119219941, 38.05259518088089, 18.439088914585774, 28.0178514522438, 44.94441010848846, 32.28002478313795, 51.97114584074513, 51.478150704935004, 25.80697580112788, 5.385164807134504, 14.142135623730951, 38.47076812334269, 26.248809496813376, 58.89821729050889, 34.132096331752024, 36.76955262170047, 54.56189146281496, 19.6468827043885, 39.21734310225516, 43.73785545725808, 8.06225774829855, 37.013511046643494, 52.32590180780452, 8.06225774829855, 43.829214001622255, 45.60701700396552, 55.0, 29.68164415931166, 32.2490309931942, 19.6468827043885, 26.248809496813376, 24.166091947189145, 22.02271554554524, 20.0, 44.598206241955516, 8.54400374531753, 44.181444068749045, 45.34313619501854, 43.04648650006177, 37.12142238654117, 42.1070065428546, 24.186773244895647, 24.331050121192877, 5.0990195135927845, 5.0990195135927845, 31.016124838541646, 3.1622776601683795, 27.294688127912362, 35.77708763999664, 46.51881339845203, 33.37663853655727, 41.048751503547585, 46.06517122512408, 53.33854141237835, 44.68780594300866], [15.620499351813308, 8.06225774829855, 34.132096331752024, 26.30589287593181, 15.524174696260024, 27.459060435491963, 12.165525060596439, 15.652475842498529, 39.45883931389772, 0.0, 30.675723300355934, 14.560219778561036, 44.10215414239989, 8.06225774829855, 5.385164807134504, 20.12461179749811, 14.317821063276353, 17.11724276862369, 31.76476034853718, 31.11269837220809, 10.295630140987, 16.1245154965971, 30.01666203960727, 35.77708763999664, 45.617978911828175, 18.35755975068582, 13.038404810405298, 12.206555615733702, 27.018512172212592, 35.510561809129406, 12.165525060596439, 7.810249675906654, 16.15549442140351, 34.52535300326414, 34.23448553724738, 18.027756377319946, 24.351591323771842, 32.2490309931942, 19.1049731745428, 16.0, 11.40175425099138, 24.020824298928627, 37.589892258425, 20.0, 25.238858928247925, 21.93171219946131, 8.06225774829855, 25.709920264364882, 28.600699292150182, 35.34119409414458, 8.54400374531753, 20.8806130178211, 19.924858845171276, 20.12461179749811, 38.600518131237564, 37.8549864614954, 13.0, 21.95449840010015, 32.55764119219941, 45.60701700396552, 37.53664875824692, 30.066592756745816, 20.024984394500787, 40.45985664828782, 4.47213595499958, 38.05259518088089, 49.040799340956916, 31.064449134018133, 40.496913462633174, 38.07886552931954, 31.953090617340916, 27.459060435491963, 29.832867780352597, 31.827660925679098, 36.40054944640259, 19.79898987322333, 17.46424919657298, 17.72004514666935, 28.792360097775937, 28.460498941515414, 44.27188724235731, 5.385164807134504, 29.410882339705484, 16.1245154965971, 3.605551275463989, 9.486832980505138, 40.24922359499622, 39.35733730830886, 34.36568055487916, 40.01249804748511, 10.63014581273465, 42.2965719651132, 31.622776601683793, 34.713109915419565, 14.317821063276353, 43.41658669218482, 8.246211251235321, 15.132745950421556, 22.135943621178654, 23.53720459187964], [39.05124837953327, 25.179356624028344, 35.38361202590826, 14.317821063276353, 25.495097567963924, 5.385164807134504, 41.773197148410844, 15.297058540778355, 45.45327270945405, 30.675723300355934, 0.0, 16.15549442140351, 27.459060435491963, 30.23243291566195, 34.438350715445125, 11.045361017187261, 44.94441010848846, 31.78049716414141, 5.0990195135927845, 13.892443989449804, 34.0147027033899, 15.264337522473747, 11.045361017187261, 6.708203932499369, 32.28002478313795, 13.038404810405298, 24.758836806279895, 19.235384061671343, 32.7566787083184, 43.01162633521314, 20.808652046684813, 37.57658845611187, 35.35533905932738, 42.43819034784589, 7.810249675906654, 14.0, 39.21734310225516, 6.708203932499369, 42.190046219457976, 16.401219466856727, 36.013886210738214, 10.295630140987, 8.94427190999916, 41.43669871020132, 8.94427190999916, 13.92838827718412, 38.07886552931954, 27.459060435491963, 17.69180601295413, 5.830951894845301, 26.076809620810597, 18.35755975068582, 18.867962264113206, 21.540659228538015, 48.25971404805462, 34.20526275297414, 17.72004514666935, 20.12461179749811, 16.278820596099706, 26.019223662515376, 15.033296378372908, 12.041594578792296, 31.622776601683793, 16.1245154965971, 30.4138126514911, 38.897300677553446, 28.071337695236398, 8.246211251235321, 51.31276644267, 9.848857801796104, 1.4142135623730951, 15.132745950421556, 16.401219466856727, 14.7648230602334, 28.844410203711913, 43.18564576337837, 25.96150997149434, 34.713109915419565, 25.495097567963924, 2.23606797749979, 53.600373133029585, 34.438350715445125, 1.4142135623730951, 15.264337522473747, 32.984845004941285, 40.162171256046406, 28.231188426986208, 27.313000567495326, 41.617304093369626, 42.42640687119285, 36.05551275463989, 46.69047011971501, 19.4164878389476, 13.341664064126334, 19.849433241279208, 24.08318915758459, 38.897300677553446, 18.439088914585774, 18.788294228055936, 7.810249675906654], [25.298221281347036, 10.44030650891055, 31.953090617340916, 14.422205101855956, 14.866068747318506, 13.038404810405298, 26.076809620810597, 3.0, 40.311288741492746, 14.560219778561036, 16.15549442140351, 0.0, 34.48187929913333, 14.866068747318506, 18.35755975068582, 6.4031242374328485, 28.792360097775937, 20.615528128088304, 17.804493814764857, 19.697715603592208, 19.6468827043885, 2.8284271247461903, 16.76305461424021, 21.633307652783937, 37.48332962798263, 5.385164807134504, 11.40175425099138, 5.0, 26.419689627245813, 36.89173349139343, 6.324555320336759, 21.470910553583888, 22.825424421026653, 36.05551275463989, 20.0, 6.082762530298219, 29.068883707497267, 18.0, 28.792360097775937, 4.47213595499958, 21.587033144922902, 10.44030650891055, 23.600847442411894, 28.635642126552707, 12.206555615733702, 11.180339887498949, 22.20360331117452, 22.47220505424423, 19.235384061671343, 21.095023109728988, 11.704699910719626, 11.661903789690601, 11.180339887498949, 14.866068747318506, 41.400483088968905, 33.54101966249684, 2.23606797749979, 15.297058540778355, 20.591260281974, 34.92849839314596, 25.238858928247925, 17.08800749063506, 21.93171219946131, 27.80287754891569, 14.422205101855956, 36.05551275463989, 38.01315561749642, 17.11724276862369, 44.04543109109048, 24.20743687382041, 17.46424919657298, 15.811388300841896, 19.6468827043885, 20.615528128088304, 30.01666203960727, 29.732137494637012, 16.401219466856727, 23.021728866442675, 23.345235059857504, 13.92838827718412, 47.20169488482379, 18.35755975068582, 14.866068747318506, 2.8284271247461903, 17.11724276862369, 24.041630560342615, 32.2490309931942, 31.25699921617557, 35.510561809129406, 39.0, 21.37755832643195, 42.485291572496, 22.360679774997898, 22.47220505424423, 7.0, 32.69556544854363, 22.80350850198276, 6.082762530298219, 13.038404810405298, 9.055385138137417], [42.20189569201838, 36.05551275463989, 21.213203435596427, 41.048751503547585, 29.732137494637012, 32.14031735997639, 50.20956084253277, 31.622776601683793, 30.066592756745816, 44.10215414239989, 27.459060435491963, 34.48187929913333, 0.0, 48.33218389437829, 49.39635614091387, 28.635642126552707, 56.72741841473134, 32.802438933713454, 22.360679774997898, 15.132745950421556, 40.311288741492746, 35.90264614203248, 38.47076812334269, 22.47220505424423, 5.656854249492381, 29.120439557122072, 45.880278987817846, 33.1058907144937, 25.079872407968907, 30.066592756745816, 40.80441152620633, 51.86520991955976, 37.20215047547655, 30.14962686336267, 34.48187929913333, 28.460498941515414, 34.92849839314596, 33.95585369269929, 43.56604182158393, 37.8549864614954, 41.773197148410844, 36.0, 21.02379604162864, 41.677331968349414, 23.194827009486403, 23.40939982143925, 48.16637831516918, 21.633307652783937, 15.652475842498529, 23.40939982143925, 35.805027579936315, 43.18564576337837, 43.289721643826724, 24.20743687382041, 35.0, 16.0, 34.17601498127012, 22.20360331117452, 43.73785545725808, 4.123105625617661, 12.649110640673518, 39.45883931389772, 30.23243291566195, 13.038404810405298, 46.52956049652737, 22.02271554554524, 7.0710678118654755, 35.6931365951495, 38.01315561749642, 20.12461179749811, 26.68332812825267, 42.1070065428546, 14.866068747318506, 14.142135623730951, 11.40175425099138, 44.41846462902562, 28.284271247461902, 35.22782990761707, 17.204650534085253, 28.160255680657446, 38.3275357934736, 49.39635614091387, 28.284271247461902, 35.90264614203248, 44.204072210600685, 51.85556864985669, 6.082762530298219, 6.324555320336759, 29.154759474226502, 25.179356624028344, 42.44997055358225, 29.427877939124322, 12.529964086141668, 14.142135623730951, 41.23105625617661, 4.242640687119285, 50.44799302251776, 40.024992192379, 44.10215414239989, 32.01562118716424], [23.600847442411894, 14.0, 41.012193308819754, 22.20360331117452, 22.0, 25.942243542145693, 18.35755975068582, 17.204650534085253, 47.07440918375928, 8.06225774829855, 30.23243291566195, 14.866068747318506, 48.33218389437829, 0.0, 6.324555320336759, 21.2602916254693, 17.029386365926403, 24.73863375370596, 32.55764119219941, 34.132096331752024, 18.35755975068582, 15.0, 26.68332812825267, 36.235341863986875, 50.59644256269407, 20.0, 7.0, 15.231546211727817, 34.132096331752024, 43.174066289845804, 9.433981132056603, 9.055385138137417, 24.166091947189145, 42.20189569201838, 31.953090617340916, 20.248456731316587, 32.31098884280702, 30.083217912982647, 27.018512172212592, 13.892443989449804, 19.4164878389476, 21.540659228538015, 38.28837943815329, 28.0178514522438, 27.018512172212592, 25.059928172283335, 14.422205101855956, 32.0624390837628, 32.69556544854363, 35.608987629529715, 15.033296378372908, 16.0312195418814, 15.033296378372908, 25.495097567963924, 46.486557196677836, 44.181444068749045, 14.422205101855956, 26.92582403567252, 28.0178514522438, 49.24428900898052, 40.0, 26.476404589747453, 27.459060435491963, 42.638011210655684, 3.605551275463989, 45.044422518220834, 52.478567053607705, 28.460498941515414, 48.46648326421054, 38.948684188300895, 31.622776601683793, 23.08679276123039, 33.54101966249684, 34.9857113690718, 41.97618372363071, 27.65863337187866, 24.0, 25.632011235952593, 34.52535300326414, 28.0178514522438, 52.20153254455275, 6.324555320336759, 28.844410203711913, 15.0, 11.40175425099138, 13.601470508735444, 45.221676218380054, 44.27188724235731, 41.97618372363071, 47.265209192385896, 18.601075237738275, 49.8196748283246, 35.84689665786984, 37.20215047547655, 10.770329614269007, 47.01063709417264, 13.0, 12.083045973594572, 17.0, 22.47220505424423], [18.788294228055936, 13.416407864998739, 39.319206502675, 28.0178514522438, 20.8806130178211, 30.675723300355934, 12.206555615733702, 20.0, 44.181444068749045, 5.385164807134504, 34.438350715445125, 18.35755975068582, 49.39635614091387, 6.324555320336759, 0.0, 24.413111231467404, 11.045361017187261, 22.0, 36.05551275463989, 36.124783736376884, 14.317821063276353, 19.313207915827967, 32.2490309931942, 39.96248240537617, 50.99019513592785, 22.80350850198276, 13.152946437965905, 16.97056274847714, 32.14031735997639, 40.19950248448356, 14.317821063276353, 3.1622776601683795, 20.396078054371138, 39.20459156782532, 37.107950630558946, 22.67156809750927, 28.635642126552707, 35.17101079013795, 21.95449840010015, 18.681541692269406, 14.866068747318506, 26.68332812825267, 41.88078318274385, 23.259406699226016, 29.832867780352597, 26.90724809414742, 8.48528137423857, 31.04834939252005, 33.83784863137726, 39.44616584663204, 13.92838827718412, 22.02271554554524, 21.02379604162864, 25.495097567963924, 42.95346318982906, 43.174066289845804, 17.204650534085253, 27.294688127912362, 34.0147027033899, 50.80354318352215, 42.42640687119285, 32.14031735997639, 25.019992006393608, 45.27692569068709, 4.123105625617661, 43.18564576337837, 54.20332093147061, 33.734255586866, 44.64302857109943, 42.43819034784589, 35.77708763999664, 29.0, 35.0, 36.87817782917155, 41.78516483155236, 22.47220505424423, 22.80350850198276, 22.20360331117452, 34.17601498127012, 32.202484376209235, 48.507731342539614, 0.0, 33.1058907144937, 19.313207915827967, 7.0710678118654755, 7.280109889280518, 45.617978911828175, 44.721359549995796, 39.11521443121589, 45.0111097397076, 13.92838827718412, 47.095647357266465, 36.89173349139343, 39.59797974644666, 16.1245154965971, 48.60041152089147, 6.708203932499369, 17.26267650163207, 23.08679276123039, 26.92582403567252], [28.160255680657446, 14.142135623730951, 29.154759474226502, 15.264337522473747, 15.231546211727817, 9.848857801796104, 30.805843601498726, 4.47213595499958, 38.41874542459709, 20.12461179749811, 11.045361017187261, 6.4031242374328485, 28.635642126552707, 21.2602916254693, 24.413111231467404, 0.0, 34.438350715445125, 21.540659228538015, 11.661903789690601, 13.601470508735444, 23.0, 7.280109889280518, 15.620499351813308, 15.652475842498529, 32.0624390837628, 2.0, 17.46424919657298, 8.246211251235321, 24.758836806279895, 35.38361202590826, 12.529964086141668, 27.459060435491963, 24.73863375370596, 34.655446902326915, 16.76305461424021, 3.1622776601683795, 29.5296461204668, 14.866068747318506, 31.400636936215164, 9.219544457292887, 25.0, 10.0, 17.4928556845359, 30.805843601498726, 5.830951894845301, 6.324555320336759, 27.202941017470888, 20.0, 14.035668847618199, 15.231546211727817, 15.033296378372908, 15.132745950421556, 15.033296378372908, 12.727922061357855, 40.311288741492746, 29.732137494637012, 7.211102550927978, 12.206555615733702, 20.518284528683193, 28.792360097775937, 18.867962264113206, 16.278820596099706, 21.95449840010015, 21.400934559032695, 20.615528128088304, 33.12099032335839, 31.78049716414141, 14.7648230602334, 43.18564576337837, 18.027756377319946, 12.165525060596439, 16.64331697709324, 14.035668847618199, 14.560219778561036, 25.495097567963924, 32.38826948140329, 16.1245154965971, 24.351591323771842, 19.697715603592208, 9.0, 45.967379738244816, 24.413111231467404, 10.0, 7.280109889280518, 22.135943621178654, 29.546573405388315, 27.0, 26.0, 33.97057550292606, 36.359317925395686, 25.019992006393608, 40.22437072223753, 17.0, 16.1245154965971, 12.649110640673518, 26.570660511172846, 28.231188426986208, 11.40175425099138, 16.278820596099706, 6.4031242374328485], [18.24828759089466, 21.400934559032695, 43.08131845707603, 39.05124837953327, 27.018512172212592, 41.48493702538308, 8.06225774829855, 29.966648127543394, 45.5411901469428, 14.317821063276353, 44.94441010848846, 28.792360097775937, 56.72741841473134, 17.029386365926403, 11.045361017187261, 34.438350715445125, 0.0, 25.495097567963924, 46.06517122512408, 44.82186966202994, 17.0, 30.083217912982647, 43.289721643826724, 50.08991914547278, 57.42821606144492, 32.64965543462902, 24.020824298928627, 26.419689627245813, 35.84689665786984, 41.593268686170845, 25.317977802344327, 8.0, 22.135943621178654, 40.607881008493905, 48.05205510693585, 32.2490309931942, 29.427877939124322, 46.09772228646444, 20.0, 29.614185789921695, 16.15549442140351, 37.656340767525464, 51.884487084291386, 22.02271554554524, 39.44616584663204, 35.805027579936315, 8.602325267042627, 36.359317925395686, 41.72529209005013, 49.658836071740545, 21.2602916254693, 33.0, 32.0, 32.55764119219941, 43.04648650006177, 47.853944456021594, 27.313000567495326, 34.655446902326915, 45.0, 58.69412236331676, 51.40038910358559, 43.18564576337837, 28.635642126552707, 54.405882034941776, 15.132745950421556, 46.486557196677836, 62.22539674441618, 44.721359549995796, 4