O=[[3.1622776601683795, 22.627416997969522, 4.47213595499958, 4.123105625617661, 16.1245154965971, 5.0, 19.924858845171276, 14.317821063276353, 21.02379604162864, 3.605551275463989, 34.713109915419565, 28.284271247461902, 27.65863337187866, 41.7612260356422, 28.160255680657446, 33.301651610693426, 38.63935817272331, 29.154759474226502, 29.068883707497267, 38.47076812334269], [21.02379604162864, 12.649110640673518, 16.1245154965971, 22.47220505424423, 29.732137494637012, 24.351591323771842, 20.518284528683193, 25.079872407968907, 5.0990195135927845, 18.027756377319946, 49.76946855251722, 33.94112549695428, 41.6293165929973, 48.16637831516918, 36.235341863986875, 48.46648326421054, 43.41658669218482, 38.600518131237564, 33.301651610693426, 48.41487374764082], [38.63935817272331, 26.92582403567252, 39.05124837953327, 45.5411901469428, 30.4138126514911, 45.89117562233506, 22.0, 28.460498941515414, 34.539832078341085, 43.104524124504614, 36.71511950137164, 16.401219466856727, 31.240998703626616, 18.027756377319946, 19.79898987322333, 36.359317925395686, 13.341664064126334, 22.02271554554524, 14.422205101855956, 25.0], [9.486832980505138, 20.396078054371138, 12.806248474865697, 16.278820596099706, 4.47213595499958, 16.0312195418814, 12.206555615733702, 2.23606797749979, 23.194827009486403, 15.652475842498529, 24.596747752497688, 16.0, 16.64331697709324, 29.120439557122072, 15.524174696260024, 23.259406699226016, 26.1725046566048, 16.55294535724685, 17.11724276862369, 26.076809620810597], [29.732137494637012, 38.07886552931954, 33.97057550292606, 35.22782990761707, 17.029386365926403, 34.132096331752024, 27.65863337187866, 21.095023109728988, 43.08131845707603, 36.124783736376884, 5.385164807134504, 17.26267650163207, 5.0, 17.4928556845359, 13.152946437965905, 5.0, 19.1049731745428, 10.198039027185569, 19.4164878389476, 9.486832980505138]]
C=[[0.0, 21.400934559032695, 5.0990195135927845, 7.0, 13.038404810405298, 7.280109889280518, 17.46424919657298, 11.180339887498949, 20.8806130178211, 6.4031242374328485, 32.01562118716424, 25.179356624028344, 24.758836806279895, 38.600518131237564, 25.0, 30.610455730027933, 35.510561809129406, 26.0, 26.019223662515376, 35.35533905932738], [21.400934559032695, 0.0, 18.439088914585774, 26.248809496813376, 24.08318915758459, 27.586228448267445, 10.44030650891055, 19.1049731745428, 7.615773105863909, 22.20360331117452, 42.579337712087536, 23.323807579381203, 34.36568055487916, 36.87817782917155, 26.40075756488817, 41.43669871020132, 31.827660925679098, 29.154759474226502, 22.20360331117452, 38.47076812334269], [5.0990195135927845, 18.439088914585774, 0.0, 7.810249675906654, 16.97056274847714, 9.219544457292887, 17.11724276862369, 13.892443989449804, 16.55294535724685, 4.123105625617661, 36.61966684720111, 27.202941017470888, 29.068883707497267, 41.23105625617661, 27.730849247724095, 35.22782990761707, 37.64306044943742, 29.154759474226502, 27.65863337187866, 38.8329756778952], [7.0, 26.248809496813376, 7.810249675906654, 0.0, 19.313207915827967, 2.0, 24.041630560342615, 18.110770276274835, 23.853720883753127, 4.47213595499958, 36.796738985948195, 32.14031735997639, 30.23243291566195, 45.35416188179427, 31.78049716414141, 35.38361202590826, 42.42640687119285, 32.57299494980466, 33.015148038438355, 41.6293165929973], [13.038404810405298, 24.08318915758459, 16.97056274847714, 19.313207915827967, 0.0, 18.681541692269406, 14.866068747318506, 5.0, 27.459060435491963, 19.4164878389476, 20.12461179749811, 14.560219778561036, 12.206555615733702, 26.30589287593181, 13.0, 18.788294228055936, 24.020824298928627, 13.341664064126334, 16.15549442140351, 22.360679774997898], [7.280109889280518, 27.586228448267445, 9.219544457292887, 2.0, 18.681541692269406, 0.0, 24.698178070456937, 18.0, 25.553864678361276, 6.324555320336759, 35.4682957019364, 32.01562118716424, 29.154759474226502, 44.91102314577124, 31.400636936215164, 34.058772731852805, 42.190046219457976, 32.01562118716424, 33.015148038438355, 40.85339643163099], [17.46424919657298, 10.44030650891055, 17.11724276862369, 24.041630560342615, 14.866068747318506, 24.698178070456937, 0.0, 10.295630140987, 16.401219466856727, 21.213203435596427, 32.2490309931942, 13.45362404707371, 24.08318915758459, 27.65863337187866, 16.1245154965971, 31.144823004794873, 23.021728866442675, 18.788294228055936, 12.806248474865697, 28.30194339616981], [11.180339887498949, 19.1049731745428, 13.892443989449804, 18.110770276274835, 5.0, 18.0, 10.295630140987, 0.0, 22.561028345356956, 17.08800749063506, 24.698178070456937, 14.035668847618199, 16.55294535724685, 27.51363298439521, 13.92838827718412, 23.40939982143925, 24.331050121192877, 15.264337522473747, 15.033296378372908, 25.0], [20.8806130178211, 7.615773105863909, 16.55294535724685, 23.853720883753127, 27.459060435491963, 25.553864678361276, 16.401219466856727, 22.561028345356956, 0.0, 19.4164878389476, 47.12748667179272, 29.832867780352597, 38.897300677553446, 43.840620433565945, 32.449961479175904, 45.880278987817846, 38.948684188300895, 34.9857113690718, 29.0, 44.654227123532216], [6.4031242374328485, 22.20360331117452, 4.123105625617661, 4.47213595499958, 19.4164878389476, 6.324555320336759, 21.213203435596427, 17.08800749063506, 19.4164878389476, 0.0, 38.28837943815329, 30.805843601498726, 31.144823004794873, 44.598206241955516, 31.016124838541646, 36.87817782917155, 41.23105625617661, 32.202484376209235, 31.400636936215164, 41.677331968349414], [32.01562118716424, 42.579337712087536, 36.61966684720111, 36.796738985948195, 20.12461179749811, 35.4682957019364, 32.2490309931942, 24.698178070456937, 47.12748667179272, 38.28837943815329, 0.0, 22.561028345356956, 8.246211251235321, 22.02271554554524, 18.439088914585774, 1.4142135623730951, 24.20743687382041, 15.524174696260024, 24.73863375370596, 13.601470508735444], [25.179356624028344, 23.323807579381203, 27.202941017470888, 32.14031735997639, 14.560219778561036, 32.01562118716424, 13.45362404707371, 14.035668847618199, 29.832867780352597, 30.805843601498726, 22.561028345356956, 0.0, 15.652475842498529, 14.422205101855956, 4.123105625617661, 21.840329667841555, 10.44030650891055, 7.0710678118654755, 2.23606797749979, 15.231546211727817], [24.758836806279895, 34.36568055487916, 29.068883707497267, 30.23243291566195, 12.206555615733702, 29.154759474226502, 24.08318915758459, 16.55294535724685, 38.897300677553446, 31.144823004794873, 8.246211251235321, 15.652475842498529, 0.0, 19.924858845171276, 11.661903789690601, 7.0710678118654755, 20.248456731316587, 9.219544457292887, 17.88854381999832, 13.0], [38.600518131237564, 36.87817782917155, 41.23105625617661, 45.35416188179427, 26.30589287593181, 44.91102314577124, 27.65863337187866, 27.51363298439521, 43.840620433565945, 44.598206241955516, 22.02271554554524, 14.422205101855956, 19.924858845171276, 0.0, 13.601470508735444, 22.20360331117452, 5.385164807134504, 13.038404810405298, 14.866068747318506, 8.48528137423857], [25.0, 26.40075756488817, 27.730849247724095, 31.78049716414141, 13.0, 31.400636936215164, 16.1245154965971, 13.92838827718412, 32.449961479175904, 31.016124838541646, 18.439088914585774, 4.123105625617661, 11.661903789690601, 13.601470508735444, 0.0, 17.72004514666935, 11.045361017187261, 3.0, 6.324555320336759, 12.206555615733702], [30.610455730027933, 41.43669871020132, 35.22782990761707, 35.38361202590826, 18.788294228055936, 34.058772731852805, 31.144823004794873, 23.40939982143925, 45.880278987817846, 36.87817782917155, 1.4142135623730951, 21.840329667841555, 7.0710678118654755, 22.20360331117452, 17.72004514666935, 0.0, 24.08318915758459, 14.866068747318506, 24.041630560342615, 13.892443989449804], [35.510561809129406, 31.827660925679098, 37.64306044943742, 42.42640687119285, 24.020824298928627, 42.190046219457976, 23.021728866442675, 24.331050121192877, 38.948684188300895, 41.23105625617661, 24.20743687382041, 10.44030650891055, 20.248456731316587, 5.385164807134504, 11.045361017187261, 24.08318915758459, 0.0, 11.704699910719626, 10.295630140987, 11.704699910719626], [26.0, 29.154759474226502, 29.154759474226502, 32.57299494980466, 13.341664064126334, 32.01562118716424, 18.788294228055936, 15.264337522473747, 34.9857113690718, 32.202484376209235, 15.524174696260024, 7.0710678118654755, 9.219544457292887, 13.038404810405298, 3.0, 14.866068747318506, 11.704699910719626, 0.0, 9.219544457292887, 9.899494936611665], [26.019223662515376, 22.20360331117452, 27.65863337187866, 33.015148038438355, 16.15549442140351, 33.015148038438355, 12.806248474865697, 15.033296378372908, 29.0, 31.400636936215164, 24.73863375370596, 2.23606797749979, 17.88854381999832, 14.866068747318506, 6.324555320336759, 24.041630560342615, 10.295630140987, 9.219544457292887, 0.0, 16.76305461424021], [35.35533905932738, 38.47076812334269, 38.8329756778952, 41.6293165929973, 22.360679774997898, 40.85339643163099, 28.30194339616981, 25.0, 44.654227123532216, 41.677331968349414, 13.601470508735444, 15.231546211727817, 13.0, 8.48528137423857, 12.206555615733702, 13.892443989449804, 11.704699910719626, 9.899494936611665, 16.76305461424021, 0.0]]
hc=[9576.0, 8149.0, 14050.0, 8004.0, 6616.0]
d=[20.0, 11.0, 18.0, 13.0, 12.0, 17.0, 19.0, 13.0, 18.0, 14.0, 12.0, 15.0, 15.0, 20.0, 13.0, 14.0, 17.0, 19.0, 14.0, 16.0]
K=5
#Q=70
Q=62
