O=[[11.661903789690601, 10.295630140987, 17.72004514666935, 4.123105625617661, 10.0, 4.123105625617661, 21.400934559032695, 18.0, 19.1049731745428, 16.76305461424021, 38.600518131237564, 41.182520563948, 34.655446902326915, 35.35533905932738, 29.68164415931166, 43.266615305567875, 50.91168824543142, 37.0, 45.34313619501854, 43.56604182158393], [22.090722034374522, 41.97618372363071, 15.033296378372908, 33.95585369269929, 38.2099463490856, 31.0, 23.021728866442675, 34.92849839314596, 13.152946437965905, 16.0312195418814, 19.026297590440446, 16.492422502470642, 21.18962010041709, 30.886890422961002, 26.40075756488817, 32.984845004941285, 32.2490309931942, 36.89173349139343, 26.076809620810597, 34.20526275297414], [16.278820596099706, 31.0, 11.180339887498949, 23.021728866442675, 30.870698080866262, 22.847319317591726, 23.769728648009426, 31.827660925679098, 7.615773105863909, 11.661903789690601, 29.410882339705484, 28.653097563788805, 29.154759474226502, 36.345563690772494, 30.59411708155671, 41.048751503547585, 43.32435804486894, 41.23105625617661, 37.0, 42.01190307520001], [2.8284271247461903, 24.698178070456937, 5.830951894845301, 17.69180601295413, 18.0, 11.704699910719626, 9.055385138137417, 15.620499351813308, 9.219544457292887, 5.0, 24.20743687382041, 26.832815729997478, 20.615528128088304, 23.53720459187964, 17.46424919657298, 30.463092423455635, 36.87817782917155, 27.0, 31.11269837220809, 31.016124838541646], [30.886890422961002, 52.839379254491625, 25.612496949731394, 45.48626166217664, 44.9221548904324, 39.81205847478876, 24.331050121192877, 37.12142238654117, 26.1725046566048, 26.40075756488817, 6.324555320336759, 1.4142135623730951, 12.36931687685298, 22.360679774997898, 21.37755832643195, 19.849433241279208, 15.033296378372908, 28.653097563788805, 9.486832980505138, 21.2602916254693]]
C=[[0.0, 21.95449840010015, 7.0710678118654755, 14.866068747318506, 16.1245154965971, 9.219544457292887, 11.40175425099138, 15.620499351813308, 9.848857801796104, 6.082762530298219, 27.018512172212592, 29.5296461204668, 23.430749027719962, 25.96150997149434, 19.924858845171276, 33.1058907144937, 39.698866482558415, 29.068883707497267, 33.94112549695428, 33.61547262794322], [21.95449840010015, 0.0, 27.85677655436824, 8.06225774829855, 13.341664064126334, 13.45362404707371, 31.11269837220809, 24.698178070456937, 28.861739379323623, 26.92582403567252, 48.82622246293481, 51.478150704935004, 44.68780594300866, 44.40720662234904, 39.05124837953327, 52.630789467763066, 60.876925020897694, 45.17742799230607, 55.44366510251645, 52.80151512977634], [7.0710678118654755, 27.85677655436824, 0.0, 20.12461179749811, 23.194827009486403, 16.0312195418814, 12.649110640673518, 21.400934559032695, 3.605551275463989, 1.0, 22.80350850198276, 24.20743687382041, 20.615528128088304, 26.0, 20.024984394500787, 31.78049716414141, 36.359317925395686, 30.4138126514911, 30.23243291566195, 32.55764119219941], [14.866068747318506, 8.06225774829855, 20.12461179749811, 0.0, 13.0, 8.246211251235321, 25.238858928247925, 22.02271554554524, 20.8806130178211, 19.235384061671343, 41.86884283091664, 44.10215414239989, 38.2099463490856, 39.35733730830886, 33.61547262794322, 47.16990566028302, 54.48853090330111, 41.10960958218893, 48.79549159502341, 47.50789408087881], [16.1245154965971, 13.341664064126334, 23.194827009486403, 13.0, 0.0, 8.06225774829855, 21.02379604162864, 11.661903789690601, 25.709920264364882, 22.20360331117452, 39.92492955535426, 43.68065933568311, 34.88552708502482, 32.526911934581186, 27.80287754891569, 41.036569057366385, 50.47771785649585, 32.449961479175904, 45.65084884205331, 41.012193308819754], [9.219544457292887, 13.45362404707371, 16.0312195418814, 8.246211251235321, 8.06225774829855, 0.0, 17.69180601295413, 14.035668847618199, 18.110770276274835, 15.033296378372908, 35.510561809129406, 38.48376280978771, 31.240998703626616, 31.38470965295043, 25.80697580112788, 39.408120990476064, 47.4236228055175, 32.89376840679705, 42.01190307520001, 39.66106403010388], [11.40175425099138, 31.11269837220809, 12.649110640673518, 25.238858928247925, 21.02379604162864, 17.69180601295413, 0.0, 13.038404810405298, 16.15549442140351, 12.36931687685298, 18.973665961010276, 23.194827009486403, 13.892443989449804, 14.560219778561036, 8.54400374531753, 21.95449840010015, 29.832867780352597, 18.027756377319946, 24.698178070456937, 22.360679774997898], [15.620499351813308, 24.698178070456937, 21.400934559032695, 22.02271554554524, 11.661903789690601, 14.035668847618199, 13.038404810405298, 0.0, 24.839484696748443, 20.615528128088304, 31.400636936215164, 36.05551275463989, 25.709920264364882, 21.400934559032695, 17.46424919657298, 30.0, 40.24922359499622, 20.808652046684813, 36.05551275463989, 29.832867780352597], [9.848857801796104, 28.861739379323623, 3.605551275463989, 20.8806130178211, 25.709920264364882, 18.110770276274835, 16.15549442140351, 24.839484696748443, 0.0, 4.242640687119285, 24.186773244895647, 24.758836806279895, 22.80350850198276, 29.068883707497267, 23.194827009486403, 34.36568055487916, 38.01315561749642, 33.734255586866, 31.76476034853718, 35.22782990761707], [6.082762530298219, 26.92582403567252, 1.0, 19.235384061671343, 22.20360331117452, 15.033296378372908, 12.36931687685298, 20.615528128088304, 4.242640687119285, 0.0, 23.430749027719962, 25.0, 21.02379604162864, 26.019223662515376, 20.0, 32.01562118716424, 36.89173349139343, 30.265491900843113, 30.805843601498726, 32.7566787083184], [27.018512172212592, 48.82622246293481, 22.80350850198276, 41.86884283091664, 39.92492955535426, 35.510561809129406, 18.973665961010276, 31.400636936215164, 24.186773244895647, 23.430749027719962, 0.0, 5.830951894845301, 6.082762530298219, 16.1245154965971, 15.132745950421556, 14.7648230602334, 13.92838827718412, 22.47220505424423, 7.615773105863909, 16.1245154965971], [29.5296461204668, 51.478150704935004, 24.20743687382041, 44.10215414239989, 43.68065933568311, 38.48376280978771, 23.194827009486403, 36.05551275463989, 24.758836806279895, 25.0, 5.830951894845301, 0.0, 11.704699910719626, 21.95449840010015, 20.615528128088304, 20.0, 16.0, 28.30194339616981, 10.198039027185569, 21.400934559032695], [23.430749027719962, 44.68780594300866, 20.615528128088304, 38.2099463490856, 34.88552708502482, 31.240998703626616, 13.892443989449804, 25.709920264364882, 22.80350850198276, 21.02379604162864, 6.082762530298219, 11.704699910719626, 0.0, 10.63014581273465, 9.055385138137417, 12.041594578792296, 16.278820596099706, 17.029386365926403, 10.816653826391969, 13.152946437965905], [25.96150997149434, 44.40720662234904, 26.0, 39.35733730830886, 32.526911934581186, 31.38470965295043, 14.560219778561036, 21.400934559032695, 29.068883707497267, 26.019223662515376, 16.1245154965971, 21.95449840010015, 10.63014581273465, 0.0, 6.082762530298219, 8.602325267042627, 19.6468827043885, 6.4031242374328485, 17.029386365926403, 8.48528137423857], [19.924858845171276, 39.05124837953327, 20.024984394500787, 33.61547262794322, 27.80287754891569, 25.80697580112788, 8.54400374531753, 17.46424919657298, 23.194827009486403, 20.0, 15.132745950421556, 20.615528128088304, 9.055385138137417, 6.082762530298219, 0.0, 13.601470508735444, 22.825424421026653, 10.770329614269007, 18.681541692269406, 13.892443989449804], [33.1058907144937, 52.630789467763066, 31.78049716414141, 47.16990566028302, 41.036569057366385, 39.408120990476064, 21.95449840010015, 30.0, 34.36568055487916, 32.01562118716424, 14.7648230602334, 20.0, 12.041594578792296, 8.602325267042627, 13.601470508735444, 0.0, 12.0, 12.041594578792296, 11.661903789690601, 1.4142135623730951], [39.698866482558415, 60.876925020897694, 36.359317925395686, 54.48853090330111, 50.47771785649585, 47.4236228055175, 29.832867780352597, 40.24922359499622, 38.01315561749642, 36.89173349139343, 13.92838827718412, 16.0, 16.278820596099706, 19.6468827043885, 22.825424421026653, 12.0, 0.0, 24.020824298928627, 6.324555320336759, 13.038404810405298], [29.068883707497267, 45.17742799230607, 30.4138126514911, 41.10960958218893, 32.449961479175904, 32.89376840679705, 18.027756377319946, 20.808652046684813, 33.734255586866, 30.265491900843113, 22.47220505424423, 28.30194339616981, 17.029386365926403, 6.4031242374328485, 10.770329614269007, 12.041594578792296, 24.020824298928627, 0.0, 22.561028345356956, 11.180339887498949], [33.94112549695428, 55.44366510251645, 30.23243291566195, 48.79549159502341, 45.65084884205331, 42.01190307520001, 24.698178070456937, 36.05551275463989, 31.76476034853718, 30.805843601498726, 7.615773105863909, 10.198039027185569, 10.816653826391969, 17.029386365926403, 18.681541692269406, 11.661903789690601, 6.324555320336759, 22.561028345356956, 0.0, 13.038404810405298], [33.61547262794322, 52.80151512977634, 32.55764119219941, 47.50789408087881, 41.012193308819754, 39.66106403010388, 22.360679774997898, 29.832867780352597, 35.22782990761707, 32.7566787083184, 16.1245154965971, 21.400934559032695, 13.152946437965905, 8.48528137423857, 13.892443989449804, 1.4142135623730951, 13.038404810405298, 11.180339887498949, 13.038404810405298, 0.0]]
hc=[13551.0, 5843.0, 9037.0, 8068.0, 13671.0]
d=[11.0, 15.0, 11.0, 14.0, 17.0, 13.0, 14.0, 15.0, 13.0, 17.0, 16.0, 18.0, 12.0, 19.0, 18.0, 15.0, 16.0, 14.0, 20.0, 14.0]
K=3
#Q=150
Q=101
