O=[[18.867962264113206, 31.25699921617557, 7.280109889280518, 35.73513677041127, 43.657759905886145, 37.36308338453881, 11.045361017187261, 11.180339887498949, 36.0, 25.942243542145693, 36.40054944640259, 44.40720662234904, 44.9221548904324, 42.15447781671598, 17.72004514666935, 27.586228448267445, 11.40175425099138, 28.792360097775937, 16.492422502470642, 10.04987562112089], [25.80697580112788, 41.677331968349414, 19.313207915827967, 53.075418038862395, 60.959002616512684, 43.657759905886145, 36.22154055254967, 14.317821063276353, 48.02082881417188, 46.400431032480725, 54.45181356024793, 57.982756057296896, 61.220911460055866, 60.14149981501958, 43.174066289845804, 51.0, 27.202941017470888, 35.34119409414458, 9.055385138137417, 35.510561809129406], [14.866068747318506, 26.30589287593181, 7.615773105863909, 31.016124838541646, 39.0, 32.57299494980466, 12.529964086141668, 13.038404810405298, 31.0, 21.633307652783937, 31.78049716414141, 39.45883931389772, 40.162171256046406, 37.57658845611187, 17.0, 24.413111231467404, 6.708203932499369, 24.166091947189145, 18.35755975068582, 10.770329614269007], [25.96150997149434, 16.401219466856727, 40.26164427839479, 28.861739379323623, 32.0, 8.602325267042627, 50.47771785649585, 43.41658669218482, 17.72004514666935, 34.132096331752024, 30.805843601498726, 23.194827009486403, 30.066592756745816, 33.06055050963308, 49.51767361255979, 43.04648650006177, 33.1058907144937, 15.652475842498529, 45.0111097397076, 48.25971404805462], [19.1049731745428, 34.23448553724738, 5.0990195135927845, 41.593268686170845, 49.64876634922564, 39.05124837953327, 19.1049731745428, 3.1622776601683795, 39.81205847478876, 32.802438933713454, 42.5440947723653, 49.040799340956916, 50.566787519082126, 48.373546489791295, 26.248809496813376, 35.608987629529715, 14.866068747318506, 30.066592756745816, 8.06225774829855, 18.439088914585774]]
C=[[0.0, 16.15549442140351, 14.317821063276353, 27.65863337187866, 35.35533905932738, 20.0, 27.018512172212592, 18.027756377319946, 22.360679774997898, 23.08679276123039, 29.206163733020468, 32.2490309931942, 35.4682957019364, 34.713109915419565, 29.154759474226502, 30.14962686336267, 8.602325267042627, 11.0, 20.8806130178211, 25.0], [16.15549442140351, 0.0, 29.154759474226502, 15.297058540778355, 21.470910553583888, 7.810249675906654, 35.34119409414458, 33.734255586866, 6.4031242374328485, 17.88854381999832, 17.26267650163207, 16.401219466856727, 20.808652046684813, 21.540659228538015, 33.421549934136806, 26.832815729997478, 20.024984394500787, 7.211102550927978, 37.0, 33.1058907144937], [14.317821063276353, 29.154759474226502, 0.0, 36.71511950137164, 44.77722635447622, 34.132096331752024, 18.24828759089466, 5.656854249492381, 34.713109915419565, 28.319604517012593, 37.73592452822641, 43.965895873961216, 45.617978911828175, 43.56604182158393, 24.186773244895647, 31.906112267087632, 9.848857801796104, 25.179356624028344, 10.816653826391969, 17.029386365926403], [27.65863337187866, 15.297058540778355, 36.71511950137164, 0.0, 8.06225774829855, 21.095023109728988, 35.0, 42.190046219457976, 11.180339887498949, 11.045361017187261, 2.0, 11.180339887498949, 9.219544457292887, 7.0710678118654755, 29.614185789921695, 17.4928556845359, 26.92582403567252, 22.135943621178654, 46.61544808322666, 33.015148038438355], [35.35533905932738, 21.470910553583888, 44.77722635447622, 8.06225774829855, 0.0, 25.495097567963924, 42.190046219457976, 50.24937810560445, 15.811388300841896, 18.24828759089466, 7.280109889280518, 9.486832980505138, 2.8284271247461903, 2.23606797749979, 36.05551275463989, 22.561028345356956, 34.9857113690718, 28.653097563788805, 54.644304369257, 40.311288741492746], [20.0, 7.810249675906654, 34.132096331752024, 21.095023109728988, 25.495097567963924, 0.0, 42.5440947723653, 38.01315561749642, 10.0, 25.553864678361276, 23.08679276123039, 17.88854381999832, 24.041630560342615, 26.1725046566048, 41.10960958218893, 34.48187929913333, 25.96150997149434, 9.0, 40.44749683231337, 40.311288741492746], [27.018512172212592, 35.34119409414458, 18.24828759089466, 35.0, 42.190046219457976, 42.5440947723653, 0.0, 22.02271554554524, 38.600518131237564, 24.020824298928627, 35.05709628591621, 45.27692569068709, 44.04543109109048, 40.311288741492746, 8.48528137423857, 21.93171219946131, 18.439088914585774, 35.0, 27.16615541441225, 2.23606797749979], [18.027756377319946, 33.734255586866, 5.656854249492381, 42.190046219457976, 50.24937810560445, 38.01315561749642, 22.02271554554524, 0.0, 39.56008088970496, 33.97057550292606, 43.266615305567875, 49.040799340956916, 51.0, 49.09175083453431, 28.861739379323623, 37.44329045369811, 15.264337522473747, 29.017236257093817, 5.385164807134504, 21.213203435596427], [22.360679774997898, 6.4031242374328485, 34.713109915419565, 11.180339887498949, 15.811388300841896, 10.0, 38.600518131237564, 39.56008088970496, 0.0, 17.69180601295413, 13.152946437965905, 10.0, 14.7648230602334, 16.278820596099706, 35.35533905932738, 26.248809496813376, 25.179356624028344, 13.45362404707371, 43.08131845707603, 36.40054944640259], [23.08679276123039, 17.88854381999832, 28.319604517012593, 11.045361017187261, 18.24828759089466, 25.553864678361276, 24.020824298928627, 33.97057550292606, 17.69180601295413, 0.0, 11.045361017187261, 21.840329667841555, 20.024984394500787, 16.492422502470642, 18.681541692269406, 8.94427190999916, 19.209372712298546, 22.360679774997898, 38.897300677553446, 22.090722034374522], [29.206163733020468, 17.26267650163207, 37.73592452822641, 2.0, 7.280109889280518, 23.08679276123039, 35.05709628591621, 43.266615305567875, 13.152946437965905, 11.045361017187261, 0.0, 12.206555615733702, 9.0, 5.830951894845301, 29.274562336608895, 16.55294535724685, 28.0178514522438, 24.041630560342615, 47.80167361086848, 33.13608305156178], [32.2490309931942, 16.401219466856727, 43.965895873961216, 11.180339887498949, 9.486832980505138, 17.88854381999832, 45.27692569068709, 49.040799340956916, 10.0, 21.840329667841555, 12.206555615733702, 0.0, 7.0710678118654755, 11.180339887498949, 40.52159917870962, 28.653097563788805, 34.20526275297414, 23.345235059857504, 52.80151512977634, 43.18564576337837], [35.4682957019364, 20.808652046684813, 45.617978911828175, 9.219544457292887, 2.8284271247461903, 24.041630560342615, 44.04543109109048, 51.0, 14.7648230602334, 20.024984394500787, 9.0, 7.0710678118654755, 0.0, 5.0, 38.2099463490856, 25.0, 35.77708763999664, 28.0178514522438, 55.226805085936306, 42.1070065428546], [34.713109915419565, 21.540659228538015, 43.56604182158393, 7.0710678118654755, 2.23606797749979, 26.1725046566048, 40.311288741492746, 49.09175083453431, 16.278820596099706, 16.492422502470642, 5.830951894845301, 11.180339887498949, 5.0, 0.0, 34.0147027033899, 20.396078054371138, 33.83784863137726, 28.635642126552707, 53.600373133029585, 38.47076812334269], [29.154759474226502, 33.421549934136806, 24.186773244895647, 29.614185789921695, 36.05551275463989, 41.10960958218893, 8.48528137423857, 28.861739379323623, 35.35533905932738, 18.681541692269406, 29.274562336608895, 40.52159917870962, 38.2099463490856, 34.0147027033899, 0.0, 14.317821063276353, 20.8806130178211, 34.828149534535996, 34.20526275297414, 8.06225774829855], [30.14962686336267, 26.832815729997478, 31.906112267087632, 17.4928556845359, 22.561028345356956, 34.48187929913333, 21.93171219946131, 37.44329045369811, 26.248809496813376, 8.94427190999916, 16.55294535724685, 28.653097563788805, 25.0, 20.396078054371138, 14.317821063276353, 0.0, 24.351591323771842, 31.04834939252005, 42.720018726587654, 20.591260281974], [8.602325267042627, 20.024984394500787, 9.848857801796104, 26.92582403567252, 34.9857113690718, 25.96150997149434, 18.439088914585774, 15.264337522473747, 25.179356624028344, 19.209372712298546, 28.0178514522438, 34.20526275297414, 35.77708763999664, 33.83784863137726, 20.8806130178211, 24.351591323771842, 0.0, 17.46424919657298, 19.849433241279208, 16.401219466856727], [11.0, 7.211102550927978, 25.179356624028344, 22.135943621178654, 28.653097563788805, 9.0, 35.0, 29.017236257093817, 13.45362404707371, 22.360679774997898, 24.041630560342615, 23.345235059857504, 28.0178514522438, 28.635642126552707, 34.828149534535996, 31.04834939252005, 17.46424919657298, 0.0, 31.575306807693888, 32.802438933713454], [20.8806130178211, 37.0, 10.816653826391969, 46.61544808322666, 54.644304369257, 40.44749683231337, 27.16615541441225, 5.385164807134504, 43.08131845707603, 38.897300677553446, 47.80167361086848, 52.80151512977634, 55.226805085936306, 53.600373133029585, 34.20526275297414, 42.720018726587654, 19.849433241279208, 31.575306807693888, 0.0, 26.476404589747453], [25.0, 33.1058907144937, 17.029386365926403, 33.015148038438355, 40.311288741492746, 40.311288741492746, 2.23606797749979, 21.213203435596427, 36.40054944640259, 22.090722034374522, 33.13608305156178, 43.18564576337837, 42.1070065428546, 38.47076812334269, 8.06225774829855, 20.591260281974, 16.401219466856727, 32.802438933713454, 26.476404589747453, 0.0]]
hc=[12286.0, 12031.0, 6995.0, 8502.0, 12790.0]
d=[14.0, 17.0, 16.0, 17.0, 17.0, 12.0, 20.0, 15.0, 15.0, 12.0, 13.0, 15.0, 11.0, 18.0, 13.0, 13.0, 19.0, 18.0, 19.0, 14.0]
K=3
#Q=150
Q=103
