O=[[20.615528128088304, 33.52610922848042, 18.973665961010276, 37.8549864614954, 33.24154027718932, 30.870698080866262, 30.265491900843113, 19.697715603592208, 29.154759474226502, 38.27531841800928, 23.259406699226016, 37.8549864614954, 20.591260281974, 23.53720459187964, 28.442925306655784, 3.605551275463989, 2.8284271247461903, 4.123105625617661, 13.038404810405298, 7.0710678118654755, 1.0, 8.06225774829855, 7.0710678118654755, 4.242640687119285, 9.219544457292887, 13.152946437965905, 10.0, 7.211102550927978, 7.0, 7.280109889280518, 47.20169488482379, 40.311288741492746, 27.018512172212592, 25.179356624028344, 37.013511046643494, 24.413111231467404, 16.15549442140351, 40.8166632639171, 16.0312195418814, 27.459060435491963, 32.7566787083184, 18.788294228055936, 38.07886552931954, 14.142135623730951, 26.627053911388696, 15.0, 21.02379604162864, 21.400934559032695, 26.1725046566048, 38.2099463490856], [8.94427190999916, 19.72308292331602, 6.708203932499369, 23.40939982143925, 19.235384061671343, 18.384776310850235, 15.524174696260024, 8.54400374531753, 16.278820596099706, 24.698178070456937, 11.661903789690601, 23.40939982143925, 10.44030650891055, 9.433981132056603, 13.92838827718412, 12.165525060596439, 13.152946437965905, 16.492422502470642, 26.92582403567252, 17.46424919657298, 16.0, 23.021728866442675, 15.652475842498529, 12.36931687685298, 19.235384061671343, 21.400934559032695, 25.0, 19.924858845171276, 22.0, 8.246211251235321, 40.162171256046406, 35.35533905932738, 18.027756377319946, 27.730849247724095, 40.311288741492746, 14.866068747318506, 17.4928556845359, 35.510561809129406, 22.627416997969522, 28.792360097775937, 32.984845004941285, 18.384776310850235, 33.24154027718932, 19.1049731745428, 22.0, 21.213203435596427, 25.238858928247925, 17.11724276862369, 18.439088914585774, 30.083217912982647], [35.17101079013795, 27.202941017470888, 21.540659228538015, 32.449961479175904, 27.80287754891569, 22.20360331117452, 29.732137494637012, 34.92849839314596, 40.718546143004666, 29.068883707497267, 19.4164878389476, 43.41658669218482, 17.88854381999832, 24.698178070456937, 35.84689665786984, 25.0, 25.298221281347036, 24.596747752497688, 39.11521443121589, 21.95449840010015, 28.231188426986208, 30.805843601498726, 34.20526275297414, 24.041630560342615, 37.0, 17.69180601295413, 32.802438933713454, 34.92849839314596, 31.064449134018133, 24.186773244895647, 21.633307652783937, 13.45362404707371, 14.212670403551895, 7.0710678118654755, 15.556349186104045, 15.620499351813308, 11.704699910719626, 14.212670403551895, 14.866068747318506, 5.0990195135927845, 6.708203932499369, 9.219544457292887, 11.40175425099138, 14.422205101855956, 6.4031242374328485, 14.866068747318506, 10.295630140987, 9.486832980505138, 12.041594578792296, 16.1245154965971], [36.235341863986875, 37.36308338453881, 26.076809620810597, 42.720018726587654, 37.64306044943742, 32.7566787083184, 37.57658845611187, 35.608987629529715, 43.840620433565945, 40.607881008493905, 26.92582403567252, 49.64876634922564, 24.166091947189145, 30.886890422961002, 40.607881008493905, 19.313207915827967, 18.973665961010276, 16.278820596099706, 27.892651361962706, 13.341664064126334, 20.223748416156685, 19.4164878389476, 27.459060435491963, 18.384776310850235, 29.068883707497267, 7.280109889280518, 20.8806130178211, 26.0, 20.223748416156685, 21.095023109728988, 36.71511950137164, 28.30194339616981, 25.179356624028344, 8.602325267042627, 17.26267650163207, 24.73863375370596, 11.180339887498949, 29.154759474226502, 5.0, 11.40175425099138, 16.278820596099706, 12.36931687685298, 26.419689627245813, 8.48528137423857, 19.1049731745428, 6.4031242374328485, 5.0990195135927845, 17.26267650163207, 23.08679276123039, 31.04834939252005], [42.01190307520001, 41.78516483155236, 31.400636936215164, 47.16990566028302, 42.15447781671598, 37.0, 42.5440947723653, 41.400483088968905, 49.51767361255979, 44.64302857109943, 31.76476034853718, 55.0, 29.154759474226502, 36.05551275463989, 46.09772228646444, 25.079872407968907, 24.698178070456937, 21.840329667841555, 32.2490309931942, 18.973665961010276, 25.709920264364882, 24.020824298928627, 32.984845004941285, 24.166091947189145, 34.36568055487916, 13.0, 25.179356624028344, 31.144823004794873, 25.0, 26.92582403567252, 37.33630940518894, 28.792360097775937, 29.120439557122072, 10.0, 13.416407864998739, 29.154759474226502, 16.401219466856727, 29.732137494637012, 10.816653826391969, 12.165525060596439, 15.652475842498529, 17.0, 27.202941017470888, 14.212670403551895, 22.20360331117452, 12.206555615733702, 8.94427190999916, 21.540659228538015, 26.92582403567252, 33.13608305156178]]
C=[[0.0, 22.20360331117452, 14.035668847618199, 24.08318915758459, 21.400934559032695, 22.847319317591726, 16.278820596099706, 1.0, 8.54400374531753, 27.018512172212592, 18.110770276274835, 18.0, 18.027756377319946, 13.601470508735444, 9.486832980505138, 18.867962264113206, 19.72308292331602, 23.323807579381203, 30.01666203960727, 25.0, 21.540659228538015, 28.460498941515414, 18.027756377319946, 19.4164878389476, 21.02379604162864, 29.698484809834994, 30.083217912982647, 23.08679276123039, 27.202941017470888, 15.620499351813308, 46.87216658103186, 43.01162633521314, 25.079872407968907, 36.6742416417845, 49.24428900898052, 22.02271554554524, 26.419689627245813, 43.04648650006177, 31.240998703626616, 37.69615364994153, 41.7612260356422, 27.313000567495326, 41.0, 27.80287754891569, 30.265491900843113, 29.832867780352597, 34.132096331752024, 25.709920264364882, 26.0, 36.6742416417845], [22.20360331117452, 0.0, 14.560219778561036, 5.385164807134504, 1.0, 5.0, 6.324555320336759, 22.80350850198276, 21.587033144922902, 5.0, 11.0, 18.681541692269406, 14.0, 10.295630140987, 15.524174696260024, 30.083217912982647, 31.04834939252005, 33.54101966249684, 46.238512086787566, 33.13608305156178, 34.48187929913333, 41.0, 35.35533905932738, 29.832867780352597, 38.948684188300895, 34.132096331752024, 43.174066289845804, 39.395431207184416, 40.26164427839479, 26.248809496813376, 28.284271247461902, 27.730849247724095, 13.038404810405298, 32.64965543462902, 42.638011210655684, 12.649110640673518, 26.476404589747453, 27.313000567495326, 33.54101966249684, 31.906112267087632, 33.301651610693426, 25.0, 26.419689627245813, 30.265491900843113, 20.808652046684813, 32.38826948140329, 32.89376840679705, 20.248456731316587, 15.264337522473747, 18.973665961010276], [14.035668847618199, 14.560219778561036, 0.0, 19.1049731745428, 14.317821063276353, 12.206555615733702, 12.165525060596439, 14.0, 19.235384061671343, 19.313207915827967, 5.0, 23.600847442411894, 4.0, 5.0990195135927845, 14.866068747318506, 15.524174696260024, 16.492422502470642, 19.1049731745428, 31.78049716414141, 19.026297590440446, 19.924858845171276, 26.476404589747453, 21.400934559032695, 15.297058540778355, 25.0, 21.18962010041709, 28.635642126552707, 25.059928172283335, 25.709920264364882, 11.704699910719626, 33.52610922848042, 29.068883707497267, 11.40175425099138, 24.20743687382041, 36.359317925395686, 8.246211251235321, 15.0, 29.154759474226502, 21.470910553583888, 24.698178070456937, 28.231188426986208, 14.866068747318506, 27.018512172212592, 17.88854381999832, 16.278820596099706, 20.12461179749811, 22.67156809750927, 12.083045973594572, 12.041594578792296, 23.40939982143925], [24.08318915758459, 5.385164807134504, 19.1049731745428, 0.0, 5.0990195135927845, 10.295630140987, 8.06225774829855, 24.839484696748443, 21.470910553583888, 5.0990195135927845, 16.1245154965971, 16.0, 19.1049731745428, 14.317821063276353, 15.811388300841896, 34.52535300326414, 35.510561809129406, 38.2099463490856, 50.28916384272063, 38.01315561749642, 38.8329756778952, 45.5411901469428, 39.0, 34.36568055487916, 42.5440947723653, 39.319206502675, 47.67598976424087, 43.32435804486894, 44.721359549995796, 30.59411708155671, 31.32091952673165, 31.906112267087632, 18.35755975068582, 38.01315561749642, 47.80167361086848, 18.027756377319946, 31.78049716414141, 31.38470965295043, 38.8329756778952, 37.21558813185679, 38.41874542459709, 30.364452901377952, 30.805843601498726, 35.510561809129406, 26.076809620810597, 37.656340767525464, 38.27531841800928, 25.632011235952593, 20.591260281974, 22.825424421026653], [21.400934559032695, 1.0, 14.317821063276353, 5.0990195135927845, 0.0, 5.656854249492381, 5.385164807134504, 22.02271554554524, 20.615528128088304, 5.656854249492381, 11.045361017187261, 17.72004514666935, 14.035668847618199, 9.848857801796104, 14.560219778561036, 29.832867780352597, 30.805843601498726, 33.37663853655727, 45.880278987817846, 33.06055050963308, 34.20526275297414, 40.792156108742276, 34.88552708502482, 29.614185789921695, 38.47076812334269, 34.23448553724738, 42.95346318982906, 39.0, 40.024992192379, 25.96150997149434, 29.274562336608895, 28.635642126552707, 13.601470508735444, 33.12099032335839, 43.278170016764804, 13.0, 26.68332812825267, 28.231188426986208, 33.734255586866, 32.449961479175904, 33.97057550292606, 25.298221281347036, 27.294688127912362, 30.4138126514911, 21.400934559032695, 32.55764119219941, 33.24154027718932, 20.615528128088304, 15.811388300841896, 19.924858845171276], [22.847319317591726, 5.0, 12.206555615733702, 10.295630140987, 5.656854249492381, 0.0, 9.219544457292887, 23.259406699226016, 24.020824298928627, 8.0, 7.615773105863909, 22.847319317591726, 10.44030650891055, 9.433981132056603, 18.0, 27.313000567495326, 28.231188426986208, 30.364452901377952, 43.829214001622255, 29.614185789921695, 31.78049716414141, 37.94733192202055, 33.60059523282288, 26.92582403567252, 37.20215047547655, 30.0, 40.162171256046406, 37.21558813185679, 37.33630940518894, 23.706539182259394, 25.0, 23.40939982143925, 8.06225774829855, 27.730849247724095, 37.64306044943742, 8.06225774829855, 22.090722034374522, 23.08679276123039, 29.154759474226502, 26.92582403567252, 28.319604517012593, 20.396078054371138, 21.93171219946131, 26.019223662515376, 15.811388300841896, 28.071337695236398, 28.160255680657446, 15.524174696260024, 10.295630140987, 15.132745950421556], [16.278820596099706, 6.324555320336759, 12.165525060596439, 8.06225774829855, 5.385164807134504, 9.219544457292887, 0.0, 16.97056274847714, 15.297058540778355, 10.816653826391969, 10.816653826391969, 13.892443989449804, 13.416407864998739, 7.0710678118654755, 9.219544457292887, 27.073972741361768, 28.071337695236398, 31.0, 42.44997055358225, 31.144823004794873, 31.25699921617557, 38.118237105091836, 31.016124838541646, 27.018512172212592, 34.539832078341085, 33.24154027718932, 40.19950248448356, 35.4400902933387, 37.21558813185679, 23.08679276123039, 34.058772731852805, 32.57299494980466, 15.811388300841896, 34.20526275297414, 45.27692569068709, 14.142135623730951, 26.40075756488817, 32.28002478313795, 33.24154027718932, 33.97057550292606, 36.235341863986875, 25.553864678361276, 31.016124838541646, 29.732137494637012, 23.430749027719962, 31.953090617340916, 33.61547262794322, 21.400934559032695, 17.804493814764857, 24.331050121192877], [1.0, 22.80350850198276, 14.0, 24.839484696748443, 22.02271554554524, 23.259406699226016, 16.97056274847714, 0.0, 9.486832980505138, 27.65863337187866, 18.24828759089466, 19.0, 18.0, 13.92838827718412, 10.44030650891055, 18.027756377319946, 18.867962264113206, 22.47220505424423, 29.017236257093817, 24.20743687382041, 20.615528128088304, 27.51363298439521, 17.029386365926403, 18.601075237738275, 20.024984394500787, 29.0, 29.120439557122072, 22.090722034374522, 26.248809496813376, 14.866068747318506, 47.07440918375928, 43.04648650006177, 25.179356624028344, 36.24913792078372, 48.84669896727925, 22.090722034374522, 25.942243542145693, 43.104524124504614, 30.610455730027933, 37.33630940518894, 41.48493702538308, 26.92582403567252, 41.012193308819754, 27.202941017470888, 30.14962686336267, 29.206163733020468, 33.61547262794322, 25.495097567963924, 26.019223662515376, 36.87817782917155], [8.54400374531753, 21.587033144922902, 19.235384061671343, 21.470910553583888, 20.615528128088304, 24.020824298928627, 15.297058540778355, 9.486832980505138, 0.0, 25.632011235952593, 21.840329667841555, 10.44030650891055, 22.847319317591726, 16.492422502470642, 6.082762530298219, 27.294688127912362, 28.178005607210743, 31.76476034853718, 38.2099463490856, 33.28663395418648, 30.083217912982647, 37.0, 26.30589287593181, 27.784887978899608, 29.068883707497267, 37.64306044943742, 38.600518131237564, 31.400636936215164, 35.73513677041127, 23.853720883753127, 49.01020301937138, 46.52956049652737, 28.635642126552707, 43.266615305567875, 55.569775957799216, 25.96150997149434, 33.421549934136806, 46.389654018972806, 38.897300677553446, 43.9089968002003, 47.4236228055175, 33.83784863137726, 44.721359549995796, 35.35533905932738, 35.11409973215888, 37.48332962798263, 41.23105625617661, 31.304951684997057, 30.083217912982647, 39.01281840626232], [27.018512172212592, 5.0, 19.313207915827967, 5.0990195135927845, 5.656854249492381, 8.0, 10.816653826391969, 27.65863337187866, 25.632011235952593, 0.0, 15.297058540778355, 21.02379604162864, 18.24828759089466, 15.264337522473747, 19.697715603592208, 34.785054261852174, 35.73513677041127, 38.07886552931954, 51.07837115648854, 37.48332962798263, 39.21734310225516, 45.60701700396552, 40.311288741492746, 34.48187929913333, 43.9089968002003, 38.0, 47.80167361086848, 44.28317965096906, 44.9221548904324, 31.016124838541646, 26.248809496813376, 27.202941017470888, 15.524174696260024, 35.11409973215888, 44.10215414239989, 16.0312195418814, 30.066592756745816, 26.627053911388696, 37.12142238654117, 34.0147027033899, 34.66987164671943, 28.284271247461902, 26.248809496813376, 34.0147027033899, 22.847319317591726, 36.05551275463989, 35.90264614203248, 23.345235059857504, 17.72004514666935, 18.027756377319946], [18.110770276274835, 11.0, 5.0, 16.1245154965971, 11.045361017187261, 7.615773105863909, 10.816653826391969, 18.24828759089466, 21.840329667841555, 15.297058540778355, 0.0, 24.08318915758459, 3.0, 5.385164807134504, 16.55294535724685, 19.697715603592208, 20.615528128088304, 22.80350850198276, 36.235341863986875, 22.20360331117452, 24.166091947189145, 30.364452901377952, 26.248809496813376, 19.313207915827967, 29.832867780352597, 23.194827009486403, 32.57299494980466, 29.68164415931166, 29.732137494637012, 16.1245154965971, 28.861739379323623, 25.019992006393608, 7.0, 23.430749027719962, 34.828149534535996, 4.123105625617661, 15.811388300841896, 25.0, 22.80350850198276, 23.345235059857504, 26.076809620810597, 14.7648230602334, 23.08679276123039, 19.4164878389476, 13.416407864998739, 21.587033144922902, 22.825424421026653, 10.63014581273465, 8.246211251235321, 18.681541692269406], [18.0, 18.681541692269406, 23.600847442411894, 16.0, 17.72004514666935, 22.847319317591726, 13.892443989449804, 19.0, 10.44030650891055, 21.02379604162864, 24.08318915758459, 0.0, 26.1725046566048, 19.1049731745428, 9.486832980505138, 35.4400902933387, 36.40054944640259, 39.84971769034255, 48.010415536631214, 40.85339643163099, 38.8329756778952, 45.89117562233506, 36.013886210738214, 35.73513677041127, 39.01281840626232, 44.294469180700204, 47.67598976424087, 41.048751503547585, 44.721359549995796, 31.622776601683793, 46.87216658103186, 46.238512086787566, 29.68164415931166, 47.38143096192854, 58.89821729050889, 27.80287754891569, 38.600518131237564, 45.880278987817846, 44.94441010848846, 47.4236228055175, 50.0, 38.28837943815329, 44.77722635447622, 41.340053217188775, 37.20215047547655, 43.56604182158393, 46.22769732530488, 34.655446902326915, 31.622776601683793, 37.64306044943742], [18.027756377319946, 14.0, 4.0, 19.1049731745428, 14.035668847618199, 10.44030650891055, 13.416407864998739, 18.0, 22.847319317591726, 18.24828759089466, 3.0, 26.1725046566048, 0.0, 7.0710678118654755, 18.027756377319946, 17.0, 17.88854381999832, 19.924858845171276, 33.61547262794322, 19.235384061671343, 21.470910553583888, 27.51363298439521, 24.041630560342615, 16.55294535724685, 27.586228448267445, 20.223748416156685, 29.732137494637012, 27.202941017470888, 26.92582403567252, 13.601470508735444, 29.732137494637012, 25.079872407968907, 7.615773105863909, 21.213203435596427, 33.015148038438355, 4.47213595499958, 13.0, 25.179356624028344, 19.924858845171276, 21.400934559032695, 24.596747752497688, 12.206555615733702, 23.021728866442675, 16.492422502470642, 12.36931687685298, 18.681541692269406, 20.248456731316587, 8.602325267042627, 8.06225774829855, 19.697715603592208], [13.601470508735444, 10.295630140987, 5.0990195135927845, 14.317821063276353, 9.848857801796104, 9.433981132056603, 7.0710678118654755, 13.92838827718412, 16.492422502470642, 15.264337522473747, 5.385164807134504, 19.1049731745428, 7.0710678118654755, 0.0, 11.180339887498949, 20.223748416156685, 21.213203435596427, 24.020824298928627, 36.05551275463989, 24.08318915758459, 24.515301344262525, 31.25699921617557, 25.059928172283335, 20.09975124224178, 28.653097563788805, 26.248809496813376, 33.37663853655727, 29.154759474226502, 30.4138126514911, 16.278820596099706, 33.37663853655727, 30.14962686336267, 12.165525060596439, 28.284271247461902, 40.0, 9.486832980505138, 19.72308292331602, 30.066592756745816, 26.40075756488817, 28.42534080710379, 31.38470965295043, 19.209372712298546, 28.284271247461902, 22.847319317591726, 18.788294228055936, 25.079872407968907, 27.202941017470888, 15.620499351813308, 13.601470508735444, 23.194827009486403], [9.486832980505138, 15.524174696260024, 14.866068747318506, 15.811388300841896, 14.560219778561036, 18.0, 9.219544457292887, 10.44030650891055, 6.082762530298219, 19.697715603592208, 16.55294535724685, 9.486832980505138, 18.027756377319946, 11.180339887498949, 0.0, 25.96150997149434, 26.92582403567252, 30.364452901377952, 39.05124837953327, 31.38470965295043, 29.427877939124322, 36.49657518178932, 27.073972741361768, 26.248809496813376, 30.265491900843113, 34.9857113690718, 38.3275357934736, 32.01562118716424, 35.35533905932738, 22.135943621178654, 43.0, 40.792156108742276, 23.08679276123039, 39.05124837953327, 51.03920062069938, 20.615528128088304, 29.732137494637012, 40.607881008493905, 35.805027579936315, 39.408120990476064, 42.5440947723653, 29.732137494637012, 39.05124837953327, 32.202484376209235, 29.966648127543394, 34.40930106817051, 37.48332962798263, 26.627053911388696, 24.698178070456937, 33.06055050963308], [18.867962264113206, 30.083217912982647, 15.524174696260024, 34.52535300326414, 29.832867780352597, 27.313000567495326, 27.073972741361768, 18.027756377319946, 27.294688127912362, 34.785054261852174, 19.697715603592208, 35.4400902933387, 17.0, 20.223748416156685, 25.96150997149434, 0.0, 1.0, 4.47213595499958, 16.64331697709324, 6.4031242374328485, 4.47213595499958, 11.045361017187261, 9.219544457292887, 1.0, 12.083045973594572, 12.083045973594572, 13.152946437965905, 10.63014581273465, 10.198039027185569, 4.0, 43.829214001622255, 37.12142238654117, 23.430749027719962, 23.0, 35.22782990761707, 20.808652046684813, 13.341664064126334, 37.589892258425, 14.560219778561036, 25.079872407968907, 30.265491900843113, 15.811388300841896, 34.88552708502482, 12.041594578792296, 23.323807579381203, 13.341664064126334, 19.1049731745428, 18.027756377319946, 22.627416997969522, 34.713109915419565], [19.72308292331602, 31.04834939252005, 16.492422502470642, 35.510561809129406, 30.805843601498726, 28.231188426986208, 28.071337695236398, 18.867962264113206, 28.178005607210743, 35.73513677041127, 20.615528128088304, 36.40054944640259, 17.88854381999832, 21.213203435596427, 26.92582403567252, 1.0, 0.0, 3.605551275463989, 15.811388300841896, 5.830951894845301, 3.605551275463989, 10.04987562112089, 9.055385138137417, 1.4142135623730951, 11.704699910719626, 11.704699910719626, 12.165525060596439, 10.0, 9.219544457292887, 5.0, 44.40720662234904, 37.589892258425, 24.20743687382041, 23.021728866442675, 35.12833614050059, 21.633307652783937, 13.601470508735444, 38.07886552931954, 14.317821063276353, 25.179356624028344, 30.4138126514911, 16.15549442140351, 35.35533905932738, 12.0, 23.853720883753127, 13.152946437965905, 19.026297590440446, 18.601075237738275, 23.345235059857504, 35.38361202590826], [23.323807579381203, 33.54101966249684, 19.1049731745428, 38.2099463490856, 33.37663853655727, 30.364452901377952, 31.0, 22.47220505424423, 31.76476034853718, 38.07886552931954, 22.80350850198276, 39.84971769034255, 19.924858845171276, 24.020824298928627, 30.364452901377952, 4.47213595499958, 3.605551275463989, 0.0, 14.866068747318506, 3.0, 4.0, 7.615773105863909, 11.180339887498949, 4.123105625617661, 13.038404810405298, 9.055385138137417, 9.848857801796104, 10.44030650891055, 7.211102550927978, 8.246211251235321, 44.68780594300866, 37.44329045369811, 25.553864678361276, 21.37755832643195, 33.0, 23.259406699226016, 13.038404810405298, 38.01315561749642, 12.0, 23.769728648009426, 29.120439557122072, 15.811388300841896, 35.22782990761707, 10.44030650891055, 24.08318915758459, 11.045361017187261, 17.11724276862369, 19.1049731745428, 24.413111231467404, 36.124783736376884], [30.01666203960727, 46.238512086787566, 31.78049716414141, 50.28916384272063, 45.880278987817846, 43.829214001622255, 42.44997055358225, 29.017236257093817, 38.2099463490856, 51.07837115648854, 36.235341863986875, 48.010415536631214, 33.61547262794322, 36.05551275463989, 39.05124837953327, 16.64331697709324, 15.811388300841896, 14.866068747318506, 0.0, 17.204650534085253, 12.206555615733702, 8.54400374531753, 12.0, 17.204650534085253, 9.219544457292887, 21.93171219946131, 7.0710678118654755, 7.0710678118654755, 8.06225774829855, 20.12461179749811, 59.54829972383762, 52.20153254455275, 40.0, 34.92849839314596, 45.12205669071391, 37.44329045369811, 27.80287754891569, 52.80151512977634, 25.079872407968907, 37.57658845611187, 42.95346318982906, 30.610455730027933, 50.0, 24.698178070456937, 38.948684188300895, 24.596747752497688, 30.463092423455635, 33.94112549695428, 39.05124837953327, 50.93132631298737], [25.0, 33.13608305156178, 19.026297590440446, 38.01315561749642, 33.06055050963308, 29.614185789921695, 31.144823004794873, 24.20743687382041, 33.28663395418648, 37.48332962798263, 22.20360331117452, 40.85339643163099, 19.235384061671343, 24.08318915758459, 31.38470965295043, 6.4031242374328485, 5.830951894845301, 3.0, 17.204650534085253, 0.0, 7.0, 9.219544457292887, 14.142135623730951, 5.656854249492381, 16.0312195418814, 6.082762530298219, 11.40175425099138, 13.341664064126334, 9.219544457292887, 9.433981132056603, 42.44997055358225, 35.0, 24.166091947189145, 18.439088914585774, 30.0, 22.135943621178654, 10.63014581273465, 35.608987629529715, 9.0, 20.8806130178211, 26.248809496813376, 13.45362404707371, 32.802438933713454, 7.615773105863909, 21.93171219946131, 8.06225774829855, 14.142135623730951, 17.204650534085253, 22.825424421026653, 34.20526275297414], [21.540659228538015, 34.48187929913333, 19.924858845171276, 38.8329756778952, 34.20526275297414, 31.78049716414141, 31.25699921617557, 20.615528128088304, 30.083217912982647, 39.21734310225516, 24.166091947189145, 38.8329756778952, 21.470910553583888, 24.515301344262525, 29.427877939124322, 4.47213595499958, 3.605551275463989, 4.0, 12.206555615733702, 7.0, 0.0, 7.0710678118654755, 7.280109889280518, 5.0, 9.055385138137417, 13.038404810405298, 9.0, 6.708203932499369, 6.0, 8.246211251235321, 47.80167361086848, 40.8166632639171, 27.80287754891569, 25.317977802344327, 37.0, 25.238858928247925, 16.55294535724685, 41.340053217188775, 16.0, 27.65863337187866, 32.984845004941285, 19.235384061671343, 38.58756276314948, 14.317821063276353, 27.202941017470888, 15.033296378372908, 21.095023109728988, 22.02271554554524, 26.90724809414742, 38.897300677553446], [28.460498941515414, 41.0, 26.476404589747453, 45.5411901469428, 40.792156108742276, 37.94733192202055, 38.118237105091836, 27.51363298439521, 37.0, 45.60701700396552, 30.364452901377952, 45.89117562233506, 27.51363298439521, 31.25699921617557, 36.49657518178932, 11.045361017187261, 10.04987562112089, 7.615773105863909, 8.54400374531753, 9.219544457292887, 7.0710678118654755, 0.0, 12.041594578792296, 11.180339887498949, 11.661903789690601, 13.416407864998739, 2.23606797749979, 8.06225774829855, 1.4142135623730951, 15.033296378372908, 51.62363799656123, 44.04543109109048, 33.12099032335839, 26.40075756488817, 36.6742416417845, 30.870698080866262, 19.79898987322333, 44.68780594300866, 16.55294535724685, 29.068883707497267, 34.438350715445125, 22.627416997969522, 41.86884283091664, 16.401219466856727, 31.144823004794873, 16.1245154965971, 21.93171219946131, 26.40075756488817, 31.906112267087632, 43.41658669218482], [18.027756377319946, 35.35533905932738, 21.400934559032695, 39.0, 34.88552708502482, 33.60059523282288, 31.016124838541646, 17.029386365926403, 26.30589287593181, 40.311288741492746, 26.248809496813376, 36.013886210738214, 24.041630560342615, 25.059928172283335, 27.073972741361768, 9.219544457292887, 9.055385138137417, 11.180339887498949, 12.0, 14.142135623730951, 7.280109889280518, 12.041594578792296, 0.0, 10.198039027185569, 3.605551275463989, 20.223748416156685, 13.038404810405298, 5.0990195135927845, 10.63014581273465, 10.816653826391969, 52.478567053607705, 46.09772228646444, 31.240998703626616, 32.0624390837628, 44.04543109109048, 28.319604517012593, 22.561028345356956, 46.51881339845203, 23.08679276123039, 34.23448553724738, 39.45883931389772, 25.0, 43.86342439892262, 21.02379604162864, 32.202484376209235, 22.02271554554524, 28.0, 26.832815729997478, 30.805843601498726, 43.01162633521314], [19.4164878389476, 29.832867780352597, 15.297058540778355, 34.36568055487916, 29.614185789921695, 26.92582403567252, 27.018512172212592, 18.601075237738275, 27.784887978899608, 34.48187929913333, 19.313207915827967, 35.73513677041127, 16.55294535724685, 20.09975124224178, 26.248809496813376, 1.0, 1.4142135623730951, 4.123105625617661, 17.204650534085253, 5.656854249492381, 5.0, 11.180339887498949, 10.198039027185569, 0.0, 13.0, 11.180339887498949, 13.341664064126334, 11.40175425099138, 10.44030650891055, 4.123105625617661, 43.01162633521314, 36.235341863986875, 22.80350850198276, 22.0, 34.23448553724738, 20.248456731316587, 12.36931687685298, 36.71511950137164, 13.601470508735444, 24.08318915758459, 29.274562336608895, 14.866068747318506, 34.0, 11.045361017187261, 22.47220505424423, 12.36931687685298, 18.110770276274835, 17.204650534085253, 21.93171219946131, 33.97057550292606], [21.02379604162864, 38.948684188300895, 25.0, 42.5440947723653, 38.47076812334269, 37.20215047547655, 34.539832078341085, 20.024984394500787, 29.068883707497267, 43.9089968002003, 29.832867780352597, 39.01281840626232, 27.586228448267445, 28.653097563788805, 30.265491900843113, 12.083045973594572, 11.704699910719626, 13.038404810405298, 9.219544457292887, 16.0312195418814, 9.055385138137417, 11.661903789690601, 3.605551275463989, 13.0, 0.0, 22.0, 12.041594578792296, 3.605551275463989, 10.295630140987, 14.212670403551895, 55.758407437802596, 49.193495504995376, 34.713109915419565, 34.36568055487916, 46.010868281309364, 31.827660925679098, 25.298221281347036, 49.64876634922564, 25.019992006393608, 36.6742416417845, 41.97618372363071, 27.85677655436824, 46.95742752749558, 23.345235059857504, 35.35533905932738, 24.08318915758459, 30.14962686336267, 30.01666203960727, 34.20526275297414, 46.400431032480725], [29.698484809834994, 34.132096331752024, 21.18962010041709, 39.319206502675, 34.23448553724738, 30.0, 33.24154027718932, 29.0, 37.64306044943742, 38.0, 23.194827009486403, 44.294469180700204, 20.223748416156685, 26.248809496813376, 34.9857113690718, 12.083045973594572, 11.704699910719626, 9.055385138137417, 21.93171219946131, 6.082762530298219, 13.038404810405298, 13.416407864998739, 20.223748416156685, 11.180339887498949, 22.0, 0.0, 15.264337522473747, 19.1049731745428, 13.92838827718412, 14.212670403551895, 39.05124837953327, 31.11269837220809, 23.345235059857504, 13.0, 24.020824298928627, 22.02271554554524, 8.246211251235321, 31.827660925679098, 3.1622776601683795, 15.652475842498529, 21.02379604162864, 10.770329614269007, 29.0, 4.123105625617661, 19.235384061671343, 2.8284271247461903, 8.54400374531753, 15.524174696260024, 21.587033144922902, 31.76476034853718], [30.083217912982647, 43.174066289845804, 28.635642126552707, 47.67598976424087, 42.95346318982906, 40.162171256046406, 40.19950248448356, 29.120439557122072, 38.600518131237564, 47.80167361086848, 32.57299494980466, 47.67598976424087, 29.732137494637012, 33.37663853655727, 38.3275357934736, 13.152946437965905, 12.165525060596439, 9.848857801796104, 7.0710678118654755, 11.40175425099138, 9.0, 2.23606797749979, 13.038404810405298, 13.341664064126334, 12.041594578792296, 15.264337522473747, 0.0, 8.48528137423857, 3.0, 17.11724276862369, 53.74011537017761, 46.09772228646444, 35.35533905932738, 28.178005607210743, 38.07886552931954, 33.1058907144937, 21.93171219946131, 46.75467891024384, 18.35755975068582, 30.886890422961002, 36.235341863986875, 24.758836806279895, 43.93176527297759, 18.439088914585774, 33.301651610693426, 18.027756377319946, 23.706539182259394, 28.600699292150182, 34.132096331752024, 45.60701700396552], [23.08679276123039, 39.395431207184416, 25.059928172283335, 43.32435804486894, 39.0, 37.21558813185679, 35.4400902933387, 22.090722034374522, 31.400636936215164, 44.28317965096906, 29.68164415931166, 41.048751503547585, 27.202941017470888, 29.154759474226502, 32.01562118716424, 10.63014581273465, 10.0, 10.44030650891055, 7.0710678118654755, 13.341664064126334, 6.708203932499369, 8.06225774829855, 5.0990195135927845, 11.40175425099138, 3.605551275463989, 19.1049731745428, 8.48528137423857, 0.0, 6.708203932499369, 13.601470508735444, 54.405882034941776, 47.50789408087881, 33.97057550292606, 31.78049716414141, 43.104524124504614, 31.240998703626616, 23.259406699226016, 48.02082881417188, 22.20360331117452, 34.20526275297414, 39.56008088970496, 25.942243542145693, 45.27692569068709, 20.8806130178211, 33.83784863137726, 21.37755832643195, 27.459060435491963, 28.600699292150182, 33.24154027718932, 45.34313619501854], [27.202941017470888, 40.26164427839479, 25.709920264364882, 44.721359549995796, 40.024992192379, 37.33630940518894, 37.21558813185679, 26.248809496813376, 35.73513677041127, 44.9221548904324, 29.732137494637012, 44.721359549995796, 26.92582403567252, 30.4138126514911, 35.35533905932738, 10.198039027185569, 9.219544457292887, 7.211102550927978, 8.06225774829855, 9.219544457292887, 6.0, 1.4142135623730951, 10.63014581273465, 10.44030650891055, 10.295630140987, 13.92838827718412, 3.0, 6.708203932499369, 0.0, 14.142135623730951, 51.66236541235796, 44.204072210600685, 32.7566787083184, 26.92582403567252, 37.48332962798263, 30.4138126514911, 19.849433241279208, 44.82186966202994, 17.08800749063506, 29.546573405388315, 34.92849839314596, 22.67156809750927, 42.01190307520001, 16.64331697709324, 31.11269837220809, 16.55294535724685, 22.47220505424423, 26.248809496813376, 31.622776601683793, 43.278170016764804], [15.620499351813308, 26.248809496813376, 11.704699910719626, 30.59411708155671, 25.96150997149434, 23.706539182259394, 23.08679276123039, 14.866068747318506, 23.853720883753127, 31.016124838541646, 16.1245154965971, 31.622776601683793, 13.601470508735444, 16.278820596099706, 22.135943621178654, 4.0, 5.0, 8.246211251235321, 20.12461179749811, 9.433981132056603, 8.246211251235321, 15.033296378372908, 10.816653826391969, 4.123105625617661, 14.212670403551895, 14.212670403551895, 17.11724276862369, 13.601470508735444, 14.142135623730951, 0.0, 41.677331968349414, 35.4682957019364, 20.518284528683193, 23.345235059857504, 35.90264614203248, 17.69180601295413, 13.038404810405298, 35.84689665786984, 16.1245154965971, 25.079872407968907, 30.0, 15.033296378372908, 33.24154027718932, 13.0, 21.540659228538015, 14.7648230602334, 19.924858845171276, 16.15549442140351, 20.0, 32.202484376209235], [46.87216658103186, 28.284271247461902, 33.52610922848042, 31.32091952673165, 29.274562336608895, 25.0, 34.058772731852805, 47.07440918375928, 49.01020301937138, 26.248809496813376, 28.861739379323623, 46.87216658103186, 29.732137494637012, 33.37663853655727, 43.0, 43.829214001622255, 44.40720662234904, 44.68780594300866, 59.54829972383762, 42.44997055358225, 47.80167361086848, 51.62363799656123, 52.478567053607705, 43.01162633521314, 55.758407437802596, 39.05124837953327, 53.74011537017761, 54.405882034941776, 51.66236541235796, 41.677331968349414, 0.0, 8.54400374531753, 22.135943621178654, 28.178005607210743, 29.017236257093817, 25.298221281347036, 31.827660925679098, 7.615773105863909, 36.40054944640259, 25.495097567963924, 21.840329667841555, 29.0, 10.295630140987, 35.38361202590826, 20.615528128088304, 36.235341863986875, 31.906112267087632, 25.80697580112788, 21.93171219946131, 10.198039027185569], [43.01162633521314, 27.730849247724095, 29.068883707497267, 31.906112267087632, 28.635642126552707, 23.40939982143925, 32.57299494980466, 43.04648650006177, 46.52956049652737, 27.202941017470888, 25.019992006393608, 46.238512086787566, 25.079872407968907, 30.14962686336267, 40.792156108742276, 37.12142238654117, 37.589892258425, 37.44329045369811, 52.20153254455275, 35.0, 40.8166632639171, 44.04543109109048, 46.09772228646444, 36.235341863986875, 49.193495504995376, 31.11269837220809, 46.09772228646444, 47.50789408087881, 44.204072210600685, 35.4682957019364, 8.54400374531753, 0.0, 18.027756377319946, 19.72308292331602, 21.095023109728988, 21.0, 24.413111231467404, 1.0, 28.319604517012593, 17.0, 13.341664064126334, 21.633307652783937, 2.23606797749979, 27.65863337187866, 13.92838827718412, 28.284271247461902, 23.600847442411894, 19.313207915827967, 17.029386365926403, 9.219544457292887], [25.079872407968907, 13.038404810405298, 11.40175425099138, 18.35755975068582, 13.601470508735444, 8.06225774829855, 15.811388300841896, 25.179356624028344, 28.635642126552707, 15.524174696260024, 7.0, 29.68164415931166, 7.615773105863909, 12.165525060596439, 23.08679276123039, 23.430749027719962, 24.20743687382041, 25.553864678361276, 40.0, 24.166091947189145, 27.80287754891569, 33.12099032335839, 31.240998703626616, 22.80350850198276, 34.713109915419565, 23.345235059857504, 35.35533905932738, 33.97057550292606, 32.7566787083184, 20.518284528683193, 22.135943621178654, 18.027756377319946, 0.0, 19.697715603592208, 29.732137494637012, 3.1622776601683795, 15.132745950421556, 18.0, 22.02271554554524, 18.867962264113206, 20.518284528683193, 13.0, 16.1245154965971, 19.235384061671343, 7.810249675906654, 21.095023109728988, 20.396078054371138, 8.0, 2.23606797749979, 12.083045973594572], [36.6742416417845, 32.64965543462902, 24.20743687382041, 38.01315561749642, 33.12099032335839, 27.730849247724095, 34.20526275297414, 36.24913792078372, 43.266615305567875, 35.11409973215888, 23.430749027719962, 47.38143096192854, 21.213203435596427, 28.284271247461902, 39.05124837953327, 23.0, 23.021728866442675, 21.37755832643195, 34.92849839314596, 18.439088914585774, 25.317977802344327, 26.40075756488817, 32.0624390837628, 22.0, 34.36568055487916, 13.0, 28.178005607210743, 31.78049716414141, 26.92582403567252, 23.345235059857504, 28.178005607210743, 19.72308292331602, 19.697715603592208, 0.0, 12.649110640673518, 20.248456731316587, 10.44030650891055, 20.591260281974, 9.848857801796104, 2.8284271247461903, 8.06225774829855, 9.433981132056603, 17.88854381999832, 11.045361017187261, 12.36931687685298, 10.44030650891055, 4.47213595499958, 12.806248474865697, 17.46424919657298, 23.194827009486403], [49.24428900898052, 42.638011210655684, 36.359317925395686, 47.80167361086848, 43.278170016764804, 37.64306044943742, 45.27692569068709, 48.84669896727925, 55.569775957799216, 44.10215414239989, 34.828149534535996, 58.89821729050889, 33.015148038438355, 40.0, 51.03920062069938, 35.22782990761707, 35.12833614050059, 33.0, 45.12205669071391, 30.0, 37.0, 36.6742416417845, 44.04543109109048, 34.23448553724738, 46.010868281309364, 24.020824298928627, 38.07886552931954, 43.104524124504614, 37.48332962798263, 35.90264614203248, 29.017236257093817, 21.095023109728988, 29.732137494637012, 12.649110640673518, 0.0, 31.144823004794873, 23.08679276123039, 22.090722034374522, 21.0, 11.661903789690601, 9.433981132056603, 21.93171219946131, 20.396078054371138, 23.194827009486403, 21.93171219946131, 22.02271554554524, 16.1245154965971, 24.413111231467404, 27.586228448267445, 28.460498941515414], [22.02271554554524, 12.649110640673518, 8.246211251235321, 18.027756377319946, 13.0, 8.06225774829855, 14.142135623730951, 22.090722034374522, 25.96150997149434, 16.0312195418814, 4.123105625617661, 27.80287754891569, 4.47213595499958, 9.486832980505138, 20.615528128088304, 20.808652046684813, 21.633307652783937, 23.259406699226016, 37.44329045369811, 22.135943621178654, 25.238858928247925, 30.870698080866262, 28.319604517012593, 20.248456731316587, 31.827660925679098, 22.02271554554524, 33.1058907144937, 31.240998703626616, 30.4138126514911, 17.69180601295413, 25.298221281347036, 21.0, 3.1622776601683795, 20.248456731316587, 31.144823004794873, 0.0, 14.035668847618199, 21.02379604162864, 21.095023109728988, 19.849433241279208, 22.20360331117452, 12.36931687685298, 19.026297590440446, 18.0, 9.433981132056603, 20.024984394500787, 20.248456731316587, 7.615773105863909, 4.123105625617661, 15.231546211727817], [26.419689627245813, 26.476404589747453, 15.0, 31.78049716414141, 26.68332812825267, 22.090722034374522, 26.40075756488817, 25.942243542145693, 33.421549934136806, 30.066592756745816, 15.811388300841896, 38.600518131237564, 13.0, 19.72308292331602, 29.732137494637012, 13.341664064126334, 13.601470508735444, 13.038404810405298, 27.80287754891569, 10.63014581273465, 16.55294535724685, 19.79898987322333, 22.561028345356956, 12.36931687685298, 25.298221281347036, 8.246211251235321, 21.93171219946131, 23.259406699226016, 19.849433241279208, 13.038404810405298, 31.827660925679098, 24.413111231467404, 15.132745950421556, 10.44030650891055, 23.08679276123039, 14.035668847618199, 0.0, 25.0, 7.0710678118654755, 12.041594578792296, 17.029386365926403, 2.8284271247461903, 22.20360331117452, 4.123105625617661, 11.40175425099138, 6.0, 7.810249675906654, 7.280109889280518, 13.341664064126334, 23.853720883753127], [43.04648650006177, 27.313000567495326, 29.154759474226502, 31.38470965295043, 28.231188426986208, 23.08679276123039, 32.28002478313795, 43.104524124504614, 46.389654018972806, 26.627053911388696, 25.0, 45.880278987817846, 25.179356624028344, 30.066592756745816, 40.607881008493905, 37.589892258425, 38.07886552931954, 38.01315561749642, 52.80151512977634, 35.608987629529715, 41.340053217188775, 44.68780594300866, 46.51881339845203, 36.71511950137164, 49.64876634922564, 31.827660925679098, 46.75467891024384, 48.02082881417188, 44.82186966202994, 35.84689665786984, 7.615773105863909, 1.0, 18.0, 20.591260281974, 22.090722034374522, 21.02379604162864, 25.0, 0.0, 29.068883707497267, 17.88854381999832, 14.317821063276353, 22.20360331117452, 2.8284271247461903, 28.319604517012593, 14.317821063276353, 29.0, 24.413111231467404, 19.697715603592208, 17.11724276862369, 8.602325267042627], [31.240998703626616, 33.54101966249684, 21.470910553583888, 38.8329756778952, 33.734255586866, 29.154759474226502, 33.24154027718932, 30.610455730027933, 38.897300677553446, 37.12142238654117, 22.80350850198276, 44.94441010848846, 19.924858845171276, 26.40075756488817, 35.805027579936315, 14.560219778561036, 14.317821063276353, 12.0, 25.079872407968907, 9.0, 16.0, 16.55294535724685, 23.08679276123039, 13.601470508735444, 25.019992006393608, 3.1622776601683795, 18.35755975068582, 22.20360331117452, 17.08800749063506, 16.1245154965971, 36.40054944640259, 28.319604517012593, 22.02271554554524, 9.848857801796104, 21.0, 21.095023109728988, 7.0710678118654755, 29.068883707497267, 0.0, 12.529964086141668, 17.88854381999832, 9.055385138137417, 26.248809496813376, 3.605551275463989, 17.08800749063506, 1.4142135623730951, 5.385164807134504, 14.035668847618199, 20.09975124224178, 29.546573405388315], [37.69615364994153, 31.906112267087632, 24.698178070456937, 37.2155