O=[[44.181444068749045, 31.400636936215164, 36.345563690772494, 39.01281840626232, 44.91102314577124, 40.80441152620633, 41.23105625617661, 32.55764119219941, 32.55764119219941, 33.24154027718932, 40.792156108742276, 42.42640687119285, 32.28002478313795, 45.60701700396552, 41.773197148410844, 39.319206502675, 34.36568055487916, 40.52159917870962, 39.81205847478876, 34.539832078341085, 34.0147027033899, 35.0, 38.600518131237564, 34.23448553724738, 33.37663853655727, 32.01562118716424, 23.345235059857504, 30.14962686336267, 22.360679774997898, 27.51363298439521, 34.0147027033899, 35.35533905932738, 28.792360097775937, 34.20526275297414, 33.54101966249684, 27.892651361962706, 30.805843601498726, 27.85677655436824, 26.248809496813376, 26.076809620810597, 30.265491900843113, 33.06055050963308, 33.734255586866, 21.095023109728988, 36.138621999185304, 32.28002478313795, 33.734255586866, 25.079872407968907, 24.186773244895647, 27.85677655436824], [28.284271247461902, 15.297058540778355, 20.223748416156685, 24.041630560342615, 28.0178514522438, 23.345235059857504, 24.08318915758459, 16.1245154965971, 16.1245154965971, 15.524174696260024, 24.0, 26.076809620810597, 15.033296378372908, 28.284271247461902, 25.0, 23.194827009486403, 18.24828759089466, 23.194827009486403, 23.0, 16.76305461424021, 16.15549442140351, 20.615528128088304, 21.213203435596427, 18.439088914585774, 17.26267650163207, 39.81205847478876, 36.89173349139343, 42.485291572496, 32.31098884280702, 34.713109915419565, 45.31004303683677, 44.384682042344295, 35.510561809129406, 41.593268686170845, 42.20189569201838, 36.138621999185304, 39.05124837953327, 34.52535300326414, 33.95585369269929, 36.76955262170047, 42.941821107167776, 43.32435804486894, 41.97618372363071, 34.132096331752024, 43.56604182158393, 39.6232255123179, 41.97618372363071, 35.84689665786984, 37.21558813185679, 34.52535300326414], [12.206555615733702, 12.529964086141668, 11.045361017187261, 7.280109889280518, 16.55294535724685, 18.110770276274835, 16.278820596099706, 13.0, 13.0, 18.973665961010276, 14.317821063276353, 13.0, 16.15549442140351, 19.313207915827967, 14.560219778561036, 11.180339887498949, 11.40175425099138, 17.11724276862369, 14.142135623730951, 19.6468827043885, 20.8806130178211, 6.324555320336759, 17.0, 10.44030650891055, 11.704699910719626, 38.28837943815329, 44.384682042344295, 46.647615158762406, 36.6742416417845, 34.40930106817051, 47.20169488482379, 43.18564576337837, 34.20526275297414, 38.897300677553446, 41.10960958218893, 36.61966684720111, 38.41874542459709, 33.60059523282288, 34.66987164671943, 40.311288741492746, 47.50789408087881, 44.204072210600685, 40.36087214122113, 41.78516483155236, 40.311288741492746, 37.53664875824692, 40.36087214122113, 39.824615503479755, 43.86342439892262, 33.60059523282288], [13.341664064126334, 2.0, 5.385164807134504, 10.0, 13.152946437965905, 9.433981132056603, 9.486832980505138, 1.4142135623730951, 1.4142135623730951, 5.0, 9.055385138137417, 11.045361017187261, 2.0, 13.92838827718412, 10.04987562112089, 8.246211251235321, 3.605551275463989, 8.94427190999916, 8.06225774829855, 6.082762530298219, 7.0, 8.06225774829855, 7.211102550927978, 4.242640687119285, 2.8284271247461903, 44.41846462902562, 46.09772228646444, 50.24937810560445, 39.6232255123179, 39.66106403010388, 52.009614495783374, 49.39635614091387, 39.96248240537617, 45.65084884205331, 47.16990566028302, 41.617304093369626, 44.10215414239989, 39.11521443121589, 39.408120990476064, 43.93176527297759, 50.93132631298737, 49.4064773081425, 46.647615158762406, 43.278170016764804, 47.41307836451879, 43.9089968002003, 46.647615158762406, 43.18564576337837, 46.010868281309364, 39.11521443121589], [14.317821063276353, 18.027756377319946, 15.811388300841896, 11.180339887498949, 19.235384061671343, 22.090722034374522, 20.024984394500787, 18.35755975068582, 18.35755975068582, 24.166091947189145, 18.027756377319946, 16.0312195418814, 21.470910553583888, 22.20360331117452, 18.0, 15.132745950421556, 16.55294535724685, 21.095023109728988, 18.110770276274835, 24.698178070456937, 26.0, 11.661903789690601, 21.37755832643195, 15.652475842498529, 17.0, 39.11521443121589, 46.84015371452148, 48.33218389437829, 38.897300677553446, 35.77708763999664, 48.373546489791295, 43.829214001622255, 35.35533905932738, 39.408120990476064, 41.88078318274385, 38.01315561749642, 39.44616584663204, 34.88552708502482, 36.24913792078372, 42.15447781671598, 49.24428900898052, 45.27692569068709, 41.048751503547585, 44.384682042344295, 40.607881008493905, 38.27531841800928, 41.048751503547585, 41.78516483155236, 46.17358552246078, 34.88552708502482]]
C=[[0.0, 13.038404810405298, 8.06225774829855, 5.830951894845301, 5.0, 9.433981132056603, 7.211102550927978, 12.165525060596439, 12.165525060596439, 15.264337522473747, 5.656854249492381, 2.8284271247461903, 13.92838827718412, 8.0, 5.0, 5.0990195135927845, 10.04987562112089, 8.602325267042627, 6.4031242374328485, 15.0, 16.401219466856727, 9.848857801796104, 9.899494936611665, 10.0, 11.045361017187261, 50.20956084253277, 55.072679252057455, 58.008620049092706, 47.70744176750625, 46.09772228646444, 58.89821729050889, 55.154328932550705, 46.010868281309364, 50.93132631298737, 53.03772242470448, 48.27007354458868, 50.24937810560445, 45.34313619501854, 46.22769732530488, 51.61395160225576, 58.82176467941097, 55.97320787662612, 52.32590180780452, 52.354560450833695, 52.40229002629561, 49.49747468305833, 52.32590180780452, 51.03920062069938, 54.70831746635972, 45.34313619501854], [13.038404810405298, 0.0, 5.0, 8.94427190999916, 13.601470508735444, 10.63014581273465, 10.295630140987, 1.4142135623730951, 1.4142135623730951, 7.0, 9.486832980505138, 11.045361017187261, 4.0, 14.7648230602334, 10.44030650891055, 8.0, 3.0, 10.0, 8.54400374531753, 8.06225774829855, 9.0, 6.4031242374328485, 8.48528137423857, 3.1622776601683795, 2.0, 42.720018726587654, 44.82186966202994, 48.79549159502341, 38.18376618407357, 38.01315561749642, 50.44799302251776, 47.70744176750625, 38.27531841800928, 43.9089968002003, 45.48626166217664, 40.0, 42.43819034784589, 37.44329045369811, 37.8021163428716, 42.44997055358225, 49.49747468305833, 47.80167361086848, 44.94441010848846, 42.01190307520001, 45.65084884205331, 42.190046219457976, 44.94441010848846, 41.72529209005013, 44.68780594300866, 37.44329045369811], [8.06225774829855, 5.0, 0.0, 5.0, 8.94427190999916, 7.615773105863909, 6.4031242374328485, 4.123105625617661, 4.123105625617661, 8.602325267042627, 5.0, 6.082762530298219, 6.4031242374328485, 10.63014581273465, 5.830951894845301, 3.0, 2.0, 6.708203932499369, 4.242640687119285, 8.94427190999916, 10.295630140987, 5.0990195135927845, 6.082762530298219, 2.23606797749979, 3.0, 45.60701700396552, 48.82622246293481, 52.40229002629561, 41.86884283091664, 41.10960958218893, 53.75872022286245, 50.60632371551998, 41.23105625617661, 46.61544808322666, 48.41487374764082, 43.18564576337837, 45.45327270945405, 40.45985664828782, 41.036569057366385, 46.010868281309364, 53.150729063673246, 50.99019513592785, 47.80167361086848, 46.04345773288535, 48.25971404805462, 45.0, 47.80167361086848, 45.34313619501854, 48.60041152089147, 40.45985664828782], [5.830951894845301, 8.94427190999916, 5.0, 0.0, 9.433981132056603, 11.0, 9.055385138137417, 8.602325267042627, 8.602325267042627, 13.601470508735444, 7.0710678118654755, 5.830951894845301, 11.313708498984761, 12.083045973594572, 7.280109889280518, 4.0, 6.4031242374328485, 10.0, 7.0, 13.892443989449804, 15.264337522473747, 4.123105625617661, 10.198039027185569, 5.830951894845301, 7.211102550927978, 44.553338819890925, 49.24428900898052, 52.20153254455275, 41.88078318274385, 40.36087214122113, 53.150729063673246, 49.51767361255979, 40.311288741492746, 45.34313619501854, 47.38143096192854, 42.5205832509386, 44.553338819890925, 39.6232255123179, 40.45985664828782, 45.803929962395145, 53.009433122794285, 50.24937810560445, 46.69047011971501, 46.52956049652737, 46.861498055439924, 43.86342439892262, 46.69047011971501, 45.221676218380054, 48.877397639399746, 39.6232255123179], [5.0, 13.601470508735444, 8.94427190999916, 9.433981132056603, 0.0, 5.830951894845301, 4.123105625617661, 12.36931687685298, 12.36931687685298, 13.341664064126334, 4.123105625617661, 3.605551275463989, 13.0, 3.0, 3.1622776601683795, 6.4031242374328485, 10.770329614269007, 5.385164807134504, 5.0990195135927845, 12.649110640673518, 13.92838827718412, 12.727922061357855, 7.280109889280518, 11.180339887498949, 11.704699910719626, 53.81449618829484, 57.688820407423826, 61.07372593840988, 50.60632371551998, 49.49747468305833, 62.24146527838174, 58.7962583843564, 49.51767361255979, 54.67174773134658, 56.639209034025185, 51.62363799656123, 53.75872022286245, 48.79549159502341, 49.51767361255979, 54.67174773134658, 61.84658438426491, 59.39696961966999, 55.97320787662612, 54.91812087098393, 56.22277118748239, 53.150729063673246, 55.97320787662612, 54.037024344425184, 57.42821606144492, 48.79549159502341], [9.433981132056603, 10.63014581273465, 7.615773105863909, 11.0, 5.830951894845301, 0.0, 2.23606797749979, 9.219544457292887, 9.219544457292887, 8.0, 4.123105625617661, 6.708203932499369, 8.54400374531753, 5.0, 4.47213595499958, 7.0, 8.602325267042627, 1.0, 4.0, 7.0710678118654755, 8.246211251235321, 12.649110640673518, 2.23606797749979, 9.433981132056603, 9.219544457292887, 53.009433122794285, 55.44366510251645, 59.39696961966999, 48.79549159502341, 48.41487374764082, 60.959002616512684, 58.008620049092706, 48.60041152089147, 54.08326913195984, 55.80322571321482, 50.44799302251776, 52.80151512977634, 47.80167361086848, 48.27007354458868, 53.03772242470448, 60.108235708594876, 58.25804665451803, 55.21775076911409, 52.630789467763066, 55.758407437802596, 52.43090691567332, 55.21775076911409, 52.32590180780452, 55.31726674375732, 47.80167361086848], [7.211102550927978, 10.295630140987, 6.4031242374328485, 9.055385138137417, 4.123105625617661, 2.23606797749979, 0.0, 8.94427190999916, 8.94427190999916, 9.219544457292887, 2.0, 4.47213595499958, 9.055385138137417, 4.47213595499958, 2.23606797749979, 5.0990195135927845, 7.810249675906654, 1.4142135623730951, 2.23606797749979, 8.54400374531753, 9.848857801796104, 11.180339887498949, 3.1622776601683795, 8.48528137423857, 8.602325267042627, 52.009614495783374, 55.0, 58.728187440104094, 48.16637831516918, 47.50789408087881, 60.14149981501958, 57.0087712549569, 47.634021455258214, 53.009433122794285, 54.817880294662984, 49.57822102496216, 51.85556864985669, 46.861498055439924, 47.4236228055175, 52.3450093132096, 59.464274989274024, 57.38466694161429, 54.20332093147061, 52.20153254455275, 54.644304369257, 51.40038910358559, 54.20332093147061, 51.66236541235796, 54.817880294662984, 46.861498055439924], [12.165525060596439, 1.4142135623730951, 4.123105625617661, 8.602325267042627, 12.36931687685298, 9.219544457292887, 8.94427190999916, 0.0, 0.0, 6.082762530298219, 8.246211251235321, 10.0, 3.1622776601683795, 13.416407864998739, 9.219544457292887, 7.0710678118654755, 2.23606797749979, 8.602325267042627, 7.280109889280518, 7.0, 8.06225774829855, 6.708203932499369, 7.0710678118654755, 2.8284271247461903, 1.4142135623730951, 44.10215414239989, 46.22769732530488, 50.20956084253277, 39.59797974644666, 39.408120990476064, 51.85556864985669, 49.09175083453431, 39.66106403010388, 45.27692569068709, 46.87216658103186, 41.400483088968905, 43.829214001622255, 38.8329756778952, 39.20459156782532, 43.86342439892262, 50.91168824543142, 49.20365840057018, 46.32493928760188, 43.41658669218482, 47.01063709417264, 43.56604182158393, 46.32493928760188, 43.139309220245984, 46.09772228646444, 38.8329756778952], [12.165525060596439, 1.4142135623730951, 4.123105625617661, 8.602325267042627, 12.36931687685298, 9.219544457292887, 8.94427190999916, 0.0, 0.0, 6.082762530298219, 8.246211251235321, 10.0, 3.1622776601683795, 13.416407864998739, 9.219544457292887, 7.0710678118654755, 2.23606797749979, 8.602325267042627, 7.280109889280518, 7.0, 8.06225774829855, 6.708203932499369, 7.0710678118654755, 2.8284271247461903, 1.4142135623730951, 44.10215414239989, 46.22769732530488, 50.20956084253277, 39.59797974644666, 39.408120990476064, 51.85556864985669, 49.09175083453431, 39.66106403010388, 45.27692569068709, 46.87216658103186, 41.400483088968905, 43.829214001622255, 38.8329756778952, 39.20459156782532, 43.86342439892262, 50.91168824543142, 49.20365840057018, 46.32493928760188, 43.41658669218482, 47.01063709417264, 43.56604182158393, 46.32493928760188, 43.139309220245984, 46.09772228646444, 38.8329756778952], [15.264337522473747, 7.0, 8.602325267042627, 13.601470508735444, 13.341664064126334, 8.0, 9.219544457292887, 6.082762530298219, 6.082762530298219, 0.0, 9.848857801796104, 12.529964086141668, 3.0, 13.0, 10.770329614269007, 10.63014581273465, 7.615773105863909, 8.06225774829855, 8.94427190999916, 1.4142135623730951, 2.0, 12.649110640673518, 6.082762530298219, 8.54400374531753, 7.280109889280518, 48.76474136094644, 49.49747468305833, 54.037024344425184, 43.41658669218482, 43.9089968002003, 56.0357029044876, 53.71219600798314, 44.294469180700204, 50.08991914547278, 51.478150704935004, 45.79301256742124, 48.373546489791295, 43.41658669218482, 43.56604182158393, 47.80167361086848, 54.67174773134658, 53.53503525729669, 51.0, 46.66904755831214, 51.894122981316485, 48.30113870293329, 51.0, 47.01063709417264, 49.51767361255979, 43.41658669218482], [5.656854249492381, 9.486832980505138, 5.0, 7.0710678118654755, 4.123105625617661, 4.123105625617661, 2.0, 8.246211251235321, 8.246211251235321, 9.848857801796104, 0.0, 2.8284271247461903, 9.055385138137417, 5.656854249492381, 1.0, 3.1622776601683795, 6.708203932499369, 3.1622776601683795, 1.0, 9.433981132056603, 10.816653826391969, 9.433981132056603, 4.242640687119285, 7.211102550927978, 7.615773105863909, 50.44799302251776, 53.823786563191554, 57.38466694161429, 46.861498055439924, 46.010868281309364, 58.69412236331676, 55.44366510251645, 46.09772228646444, 51.40038910358559, 53.2634959423431, 48.104053883222775, 50.32891812864648, 45.34313619501854, 45.967379738244816, 50.99019513592785, 58.137767414994535, 55.90169943749474, 52.630789467763066, 51.03920062069938, 53.009433122794285, 49.8196748283246, 52.630789467763066, 50.32891812864648, 53.600373133029585, 45.34313619501854], [2.8284271247461903, 11.045361017187261, 6.082762530298219, 5.830951894845301, 3.605551275463989, 6.708203932499369, 4.47213595499958, 10.0, 10.0, 12.529964086141668, 2.8284271247461903, 0.0, 11.40175425099138, 6.324555320336759, 2.23606797749979, 3.1622776601683795, 8.06225774829855, 5.830951894845301, 3.605551275463989, 12.206555615733702, 13.601470508735444, 9.219544457292887, 7.0710678118654755, 8.246211251235321, 9.055385138137417, 50.24937810560445, 54.378304497290095, 57.62811813689564, 47.20169488482379, 45.967379738244816, 58.728187440104094, 55.226805085936306, 45.967379738244816, 51.088159097779204, 53.075418038862395, 48.104053883222775, 50.20956084253277, 45.254833995939045, 46.010868281309364, 51.22499389946279, 58.412327466040935, 55.86591089385369, 52.40229002629561, 51.62363799656123, 52.630789467763066, 49.57822102496216, 52.40229002629561, 50.60632371551998, 54.08326913195984, 45.254833995939045], [13.92838827718412, 4.0, 6.4031242374328485, 11.313708498984761, 13.0, 8.54400374531753, 9.055385138137417, 3.1622776601683795, 3.1622776601683795, 3.0, 9.055385138137417, 11.40175425099138, 0.0, 13.341664064126334, 10.04987562112089, 8.94427190999916, 5.0, 8.246211251235321, 8.06225774829855, 4.123105625617661, 5.0, 9.848857801796104, 6.324555320336759, 5.830951894845301, 4.47213595499958, 46.14108798023731, 47.4236228055175, 51.73973328110612, 41.10960958218893, 41.340053217188775, 53.600373133029585, 51.10772935672255, 41.677331968349414, 47.41307836451879, 48.877397639399746, 43.266615305567875, 45.79301256742124, 40.8166632639171, 41.048751503547585, 45.45327270945405, 52.40229002629561, 51.03920062069938, 48.373546489791295, 44.598206241955516, 49.193495504995376, 45.65084884205331, 48.373546489791295, 44.68780594300866, 47.38143096192854, 40.8166632639171], [8.0, 14.7648230602334, 10.63014581273465, 12.083045973594572, 3.0, 5.0, 4.47213595499958, 13.416407864998739, 13.416407864998739, 13.0, 5.656854249492381, 6.324555320336759, 13.341664064126334, 0.0, 5.0, 8.602325267042627, 12.206555615733702, 5.0990195135927845, 6.4031242374328485, 12.041594578792296, 13.152946437965905, 15.0, 7.0710678118654755, 12.806248474865697, 13.038404810405298, 56.08029957123981, 59.405386961116584, 63.0317380372777, 52.49761899362675, 51.66236541235796, 64.35060217278468, 61.07372593840988, 51.73973328110612, 57.0087712549569, 58.89821729050889, 53.75872022286245, 55.97320787662612, 50.99019513592785, 51.62363799656123, 56.639209034025185, 63.7808748764079, 61.554853586049575, 58.25804665451803, 56.61271941887264, 58.60034129593445, 55.44366510251645, 58.25804665451803, 55.97320787662612, 59.20304046246274, 50.99019513592785], [5.0, 10.44030650891055, 5.830951894845301, 7.280109889280518, 3.1622776601683795, 4.47213595499958, 2.23606797749979, 9.219544457292887, 9.219544457292887, 10.770329614269007, 1.0, 2.23606797749979, 10.04987562112089, 5.0, 0.0, 3.605551275463989, 7.615773105863909, 3.605551275463989, 2.0, 10.295630140987, 11.661903789690601, 10.0, 5.0, 8.06225774829855, 8.54400374531753, 51.088159097779204, 54.644304369257, 58.137767414994535, 47.634021455258214, 46.69047011971501, 59.39696961966999, 56.08029957123981, 46.75467891024384, 52.009614495783374, 53.907327887774215, 48.79549159502341, 50.99019513592785, 46.010868281309364, 46.66904755831214, 51.73973328110612, 58.89821729050889, 56.586217403180434, 53.2634959423431, 51.86520991955976, 53.600373133029585, 50.44799302251776, 53.2634959423431, 51.088159097779204, 54.405882034941776, 46.010868281309364], [5.0990195135927845, 8.0, 3.0, 4.0, 6.4031242374328485, 7.0, 5.0990195135927845, 7.0710678118654755, 7.0710678118654755, 10.63014581273465, 3.1622776601683795, 3.1622776601683795, 8.94427190999916, 8.602325267042627, 3.605551275463989, 0.0, 5.0, 6.0, 3.0, 10.63014581273465, 12.041594578792296, 6.4031242374328485, 6.324555320336759, 5.0990195135927845, 6.0, 47.50789408087881, 51.31276644267, 54.67174773134658, 44.204072210600685, 43.139309220245984, 55.86591089385369, 52.49761899362675, 43.18564576337837, 48.41487374764082, 50.32891812864648, 45.254833995939045, 47.4236228055175, 42.44997055358225, 43.139309220245984, 48.27007354458868, 55.44366510251645, 53.03772242470448, 49.678969393496885, 48.54894437575342, 50.0, 46.861498055439924, 49.678969393496885, 47.634021455258214, 51.03920062069938, 42.44997055358225], [10.04987562112089, 3.0, 2.0, 6.4031242374328485, 10.770329614269007, 8.602325267042627, 7.810249675906654, 2.23606797749979, 2.23606797749979, 7.615773105863909, 6.708203932499369, 8.06225774829855, 5.0, 12.206555615733702, 7.615773105863909, 5.0, 0.0, 7.810249675906654, 5.830951894845301, 8.246211251235321, 9.486832980505138, 5.0990195135927845, 6.708203932499369, 1.0, 1.0, 44.40720662234904, 47.20169488482379, 50.93132631298737, 40.36087214122113, 39.824615503479755, 52.40229002629561, 49.4064773081425, 40.0, 45.48626166217664, 47.20169488482379, 41.86884283091664, 44.204072210600685, 39.20459156782532, 39.698866482558415, 44.553338819890925, 51.66236541235796, 49.678969393496885, 46.61544808322666, 44.40720662234904, 47.16990566028302, 43.829214001622255, 46.61544808322666, 43.86342439892262, 47.01063709417264, 39.20459156782532], [8.602325267042627, 10.0, 6.708203932499369, 10.0, 5.385164807134504, 1.0, 1.4142135623730951, 8.602325267042627, 8.602325267042627, 8.06225774829855, 3.1622776601683795, 5.830951894845301, 8.246211251235321, 5.0990195135927845, 3.605551275463989, 6.0, 7.810249675906654, 0.0, 3.0, 7.280109889280518, 8.54400374531753, 11.704699910719626, 2.0, 8.602325267042627, 8.48528137423857, 52.20153254455275, 54.817880294662984, 58.69412236331676, 48.104053883222775, 47.634021455258214, 60.207972893961475, 57.201398584300364, 47.80167361086848, 53.25410782277739, 55.0, 49.678969393496885, 52.009614495783374, 47.01063709417264, 47.50789408087881, 52.32590180780452, 59.413803110051795, 57.48912940721924, 54.405882034941776, 52.009614495783374, 54.91812087098393, 51.61395160225576, 54.405882034941776, 51.62363799656123, 54.67174773134658, 47.01063709417264], [6.4031242374328485, 8.54400374531753, 4.242640687119285, 7.0, 5.0990195135927845, 4.0, 2.23606797749979, 7.280109889280518, 7.280109889280518, 8.94427190999916, 1.0, 3.605551275463989, 8.06225774829855, 6.4031242374328485, 2.0, 3.0, 5.830951894845301, 3.0, 0.0, 8.602325267042627, 10.0, 8.94427190999916, 3.605551275463989, 6.4031242374328485, 6.708203932499369, 49.8196748283246, 53.009433122794285, 56.639209034025185, 46.09772228646444, 45.34313619501854, 58.0, 54.817880294662984, 45.45327270945405, 50.80354318352215, 52.630789467763066, 47.4236228055175, 49.678969393496885, 44.68780594300866, 45.27692569068709, 50.24937810560445, 57.38466694161429, 55.226805085936306, 52.009614495783374, 50.21951811795888, 52.43090691567332, 49.20365840057018, 52.009614495783374, 49.57822102496216, 52.80151512977634, 44.68780594300866], [15.0, 8.06225774829855, 8.94427190999916, 13.892443989449804, 12.649110640673518, 7.0710678118654755, 8.54400374531753, 7.0, 7.0, 1.4142135623730951, 9.433981132056603, 12.206555615733702, 4.123105625617661, 12.041594578792296, 10.295630140987, 10.63014581273465, 8.246211251235321, 7.280109889280518, 8.602325267042627, 0.0, 1.4142135623730951, 13.341664064126334, 5.385164807134504, 9.219544457292887, 8.06225774829855, 50.11985634456667, 50.91168824543142, 55.44366510251645, 44.82186966202994, 45.27692569068709, 57.42821606144492, 55.072679252057455, 45.65084884205331, 51.42956348249516, 52.839379254491625, 47.16990566028302, 49.73932046178355, 44.77722635447622, 44.94441010848846, 49.20365840057018, 56.08029957123981, 54.91812087098393, 52.354560450833695, 48.08326112068523, 53.225933528685054, 49.64876634922564, 52.354560450833695, 48.41487374764082, 50.93132631298737, 44.77722635447622], [16.401219466856727, 9.0, 10.295630140987, 15.264337522473747, 13.92838827718412, 8.246211251235321, 9.848857801796104, 8.06225774829855, 8.06225774829855, 2.0, 10.816653826391969, 13.601470508735444, 5.0, 13.152946437965905, 11.661903789690601, 12.041594578792296, 9.486832980505138, 8.54400374531753, 10.0, 1.4142135623730951, 0.0, 14.560219778561036, 6.708203932499369, 10.44030650891055, 9.219544457292887, 50.53711507397311, 50.93132631298737, 55.60575509783138, 45.0, 45.65084884205331, 57.688820407423826, 55.47071299343465, 46.06517122512408, 51.894122981316485, 53.23532661682466, 47.50789408087881, 50.11985634456667, 45.17742799230607, 45.27692569068709, 49.4064773081425, 56.22277118748239, 55.226805085936306, 52.773099207835045, 48.104053883222775, 53.71219600798314, 50.08991914547278, 52.773099207835045, 48.60041152089147, 50.99019513592785, 45.17742799230607], [9.848857801796104, 6.4031242374328485, 5.0990195135927845, 4.123105625617661, 12.727922061357855, 12.649110640673518, 11.180339887498949, 6.708203932499369, 6.708203932499369, 12.649110640673518, 9.433981132056603, 9.219544457292887, 9.848857801796104, 15.0, 10.0, 6.4031242374328485, 5.0990195135927845, 11.704699910719626, 8.94427190999916, 13.341664064126334, 14.560219778561036, 0.0, 11.180339887498949, 4.123105625617661, 5.385164807134504, 41.10960958218893, 45.27692569068709, 48.41487374764082, 38.01315561749642, 36.76955262170047, 49.51767361255979, 46.09772228646444, 36.796738985948195, 42.01190307520001, 43.93176527297759, 38.897300677553446, 41.036569057366385, 36.069377593742864, 36.796738985948195, 42.01190307520001, 49.20365840057018, 46.66904755831214, 43.278170016764804, 42.5440947723653, 43.60045871318328, 40.45985664828782, 43.278170016764804, 41.400483088968905, 44.94441010848846, 36.069377593742864], [9.899494936611665, 8.48528137423857, 6.082762530298219, 10.198039027185569, 7.280109889280518, 2.23606797749979, 3.1622776601683795, 7.0710678118654755, 7.0710678118654755, 6.082762530298219, 4.242640687119285, 7.0710678118654755, 6.324555320336759, 7.0710678118654755, 5.0, 6.324555320336759, 6.708203932499369, 2.0, 3.605551275463989, 5.385164807134504, 6.708203932499369, 11.180339887498949, 0.0, 7.615773105863909, 7.211102550927978, 51.03920062069938, 53.2634959423431, 57.28001396647874, 46.66904755831214, 46.400431032480725, 58.89821729050889, 56.0357029044876, 46.61544808322666, 52.15361924162119, 53.823786563191554, 48.41487374764082, 50.80354318352215, 45.803929962395145, 46.22769732530488, 50.93132631298737, 57.982756057296896, 56.22277118748239, 53.25410782277739, 50.44799302251776, 53.85164807134504, 50.47771785649585, 53.25410782277739, 50.20956084253277, 53.150729063673246, 45.803929962395145], [10.0, 3.1622776601683795, 2.23606797749979, 5.830951894845301, 11.180339887498949, 9.433981132056603, 8.48528137423857, 2.8284271247461903, 2.8284271247461903, 8.54400374531753, 7.211102550927978, 8.246211251235321, 5.830951894845301, 12.806248474865697, 8.06225774829855, 5.0990195135927845, 1.0, 8.602325267042627, 6.4031242374328485, 9.219544457292887, 10.44030650891055, 4.123105625617661, 7.615773105863909, 0.0, 1.4142135623730951, 43.60045871318328, 46.61544808322666, 50.24937810560445, 39.698866482558415, 39.05124837953327, 51.66236541235796, 48.60041152089147, 39.20459156782532, 44.654227123532216, 46.400431032480725, 41.10960958218893, 43.41658669218482, 38.41874542459709, 38.948684188300895, 43.86342439892262, 50.99019513592785, 48.91829923454004, 45.803929962395145, 43.829214001622255, 46.32493928760188, 43.01162633521314, 45.803929962395145, 43.18564576337837, 46.400431032480725, 38.41874542459709], [11.045361017187261, 2.0, 3.0, 7.211102550927978, 11.704699910719626, 9.219544457292887, 8.602325267042627, 1.4142135623730951, 1.4142135623730951, 7.280109889280518, 7.615773105863909, 9.055385138137417, 4.47213595499958, 13.038404810405298, 8.54400374531753, 6.0, 1.0, 8.48528137423857, 6.708203932499369, 8.06225774829855, 9.219544457292887, 5.385164807134504, 7.211102550927978, 1.4142135623730951, 0.0, 43.829214001622255, 46.400431032480725, 50.20956084253277, 39.6232255123179, 39.20459156782532, 51.73973328110612, 48.82622246293481, 39.408120990476064, 44.94441010848846, 46.61544808322666, 41.23105625617661, 43.60045871318328, 38.600518131237564, 39.05124837953327, 43.840620433565945, 50.93132631298737, 49.040799340956916, 46.04345773288535, 43.60045871318328, 46.647615158762406, 43.266615305567875, 46.04345773288535, 43.139309220245984, 46.22769732530488, 38.600518131237564], [50.20956084253277, 42.720018726587654, 45.60701700396552, 44.553338819890925, 53.81449618829484, 53.009433122794285, 52.009614495783374, 44.10215414239989, 44.10215414239989, 48.76474136094644, 50.44799302251776, 50.24937810560445, 46.14108798023731, 56.08029957123981, 51.088159097779204, 47.50789408087881, 44.40720662234904, 52.20153254455275, 49.8196748283246, 50.11985634456667, 50.53711507397311, 41.10960958218893, 51.03920062069938, 43.60045871318328, 43.829214001622255, 0.0, 14.422205101855956, 11.045361017187261, 9.848857801796104, 5.0990195135927845, 9.486832980505138, 5.0, 4.47213595499958, 2.23606797749979, 2.8284271247461903, 4.123105625617661, 1.4142135623730951, 5.385164807134504, 6.0, 7.810249675906654, 12.041594578792296, 6.324555320336759, 2.23606797749979, 14.142135623730951, 4.123105625617661, 1.0, 2.23606797749979, 8.48528137423857, 13.038404810405298, 5.385164807134504], [55.072679252057455, 44.82186966202994, 48.82622246293481, 49.24428900898052, 57.688820407423826, 55.44366510251645, 55.0, 46.22769732530488, 46.22769732530488, 49.49747468305833, 53.823786563191554, 54.378304497290095, 47.4236228055175, 59.405386961116584, 54.644304369257, 51.31276644267, 47.20169488482379, 54.817880294662984, 53.009433122794285, 50.91168824543142, 50.93132631298737, 45.27692569068709, 53.2634959423431, 46.61544808322666, 46.400431032480725, 14.422205101855956, 0.0, 7.0710678118654755, 8.06225774829855, 13.341664064126334, 11.40175425099138, 15.0, 14.560219778561036, 16.401219466856727, 14.142135623730951, 11.704699910719626, 13.038404810405298, 14.317821063276353, 12.165525060596439, 6.708203932499369, 7.0, 11.661903789690601, 14.866068747318506, 2.8284271247461903, 17.69180601295413, 15.264337522473747, 14.866068747318506, 6.324555320336759, 1.4142135623730951, 14.317821063276353], [58.008620049092706, 48.79549159502341, 52.40229002629561, 52.20153254455275, 61.07372593840988, 59.39696961966999, 58.728187440104094, 50.20956084253277, 50.20956084253277, 54.037024344425184, 57.38466694161429, 57.62811813689564, 51.73973328110612, 63.0317380372777, 58.137767414994535, 54.67174773134658, 50.93132631298737, 58.69412236331676, 56.639209034025185, 55.44366510251645, 55.60575509783138, 48.41487374764082, 57.28001396647874, 50.24937810560445, 50.20956084253277, 11.045361017187261, 7.0710678118654755, 0.0, 10.63014581273465, 12.649110640673518, 4.47213595499958, 9.433981132056603, 13.341664064126334, 12.36931687685298, 9.486832980505138, 10.44030650891055, 10.0, 13.601470508735444, 12.083045973594572, 6.4031242374328485, 1.0, 5.830951894845301, 10.44030650891055, 9.055385138137417, 13.0, 12.041594578792296, 10.44030650891055, 7.0710678118654755, 6.0, 13.601470508735444], [47.70744176750625, 38.18376618407357, 41.86884283091664, 41.88078318274385, 50.60632371551998, 48.79549159502341, 48.16637831516918, 39.59797974644666, 39.59797974644666, 43.41658669218482, 46.861498055439924, 47.20169488482379, 41.10960958218893, 52.49761899362675, 47.634021455258214, 44.204072210600685, 40.36087214122113, 48.104053883222775, 46.09772228646444, 44.82186966202994, 45.0, 38.01315561749642, 46.66904755831214, 39.698866482558415, 39.6232255123179, 9.848857801796104, 8.06225774829855, 10.63014581273465, 0.0, 6.4031242374328485, 13.0, 13.038404810405298, 7.810249675906654, 12.083045973594572, 11.180339887498949, 5.830951894845301, 8.54400374531753, 7.211102550927978, 5.0, 4.47213595499958, 11.313708498984761, 11.180339887498949, 11.40175425099138, 6.082762530298219, 13.92838827718412, 10.295630140987, 11.40175425099138, 3.605551275463989, 7.280109889280518, 7.211102550927978], [46.09772228646444, 38.01315561749642, 41.10960958218893, 40.36087214122113, 49.49747468305833, 48.41487374764082, 47.50789408087881, 39.408120990476064, 39.408120990476064, 43.9089968002003, 46.010868281309364, 45.967379738244816, 41.340053217188775, 51.66236541235796, 46.69047011971501, 43.139309220245984, 39.824615503479755, 47.634021455258214, 45.34313619501854, 45.27692569068709, 45.65084884205331, 36.76955262170047, 46.400431032480725, 39.05124837953327, 39.20459156782532, 5.0990195135927845, 13.341664064126334, 12.649110640673518, 6.4031242374328485, 0.0, 12.806248474865697, 9.848857801796104, 1.4142135623730951, 7.0, 7.615773105863909, 2.23606797749979, 4.47213595499958, 1.0, 1.4142135623730951, 7.0, 13.601470508735444, 9.899494936611665, 7.280109889280518, 12.083045973594572, 9.0, 5.0, 7.280109889280518, 7.0710678118654755, 12.165525060596439, 1.0], [58.89821729050889, 50.44799302251776, 53.75872022286245, 53.150729063673246, 62.24146527838174, 60.959002616512684, 60.14149981501958, 51.85556864985669, 51.85556864985669, 56.0357029044876, 58.69412236331676, 58.728187440104094, 53.600373133029585, 64.35060217278468, 59.39696961966999, 55.86591089385369, 52.40229002629561, 60.207972893961475, 58.0, 57.42821606144492, 57.688820407423826, 49.51767361255979, 58.89821729050889, 51.66236541235796, 51.73973328110612, 9.486832980505138, 11.40175425099138, 4.47213595499958, 13.0, 12.806248474865697, 0.0, 6.082762530298219, 13.038404810405298, 10.04987562112089, 7.0710678118654755, 10.63014581273465, 8.94427190999916, 13.601470508735444, 12.727922061357855, 8.54400374531753, 5.0, 3.1622776601683795, 8.06225774829855, 13.038404810405298, 10.04987562112089, 10.44030650891055, 8.06225774829855, 9.486832980505138, 10.198039027185569, 13.601470508735444], [55.154328932550705, 47.70744176750625, 50.60632371551998, 49.51767361255979, 58.7962583843564, 58.008620049092706, 57.0087712549569, 49.09175083453431, 49.09175083453431, 53.71219600798314, 55.44366510251645, 55.226805085936306, 51.10772935672255, 61.07372593840988, 56.08029957123981, 52.49761899362675, 49.4064773081425, 57.201398584300364, 54.817880294662984, 55.072679252057455, 55.47071299343465, 46.09772228646444, 56.0357029044876, 48.60041152089147, 48.82622246293481, 5.0, 15.0, 9.433981132056603, 13.038404810405298, 9.848857801796104, 6.082762530298219, 0.0, 9.433981132056603, 4.47213595499958, 2.23606797749979, 8.246211251235321, 5.385164807134504, 10.295630140987, 10.44030650891055, 9.486832980505138, 10.295630140987, 3.605551275463989, 2.8284271247461903, 15.652475842498529, 4.0, 5.656854249492381, 2.8284271247461903, 10.44030650891055, 13.601470508735444, 10.295630140987], [46.010868281309364, 38.27531841800928, 41.23105625617661, 40.311288741492746, 49.51767361255979, 48.60041152089147, 47.634021455258214, 39.66106403010388, 39.66106403010388, 44.294469180700204, 46.09772228646444, 45.967379738244816, 41.677331968349414, 51.73973328110612, 46.75467891024384, 43.18564576337837, 40.0, 47.80167361086848, 45.45327270945405, 45.65084884205331, 46.06517122512408, 36.796738985948195, 46.61544808322666, 39.20459156782532, 39.408120990476064, 4.47213595499958, 14.560219778561036, 13.341664064126334, 7.810249675906654, 1.4142135623730951, 13.038404810405298, 9.433981132056603, 0.0, 6.082762530298219, 7.211102550927978, 3.0, 4.242640687119285, 1.0, 2.8284271247461903, 8.06225774829855, 14.317821063276353, 10.0, 6.708203932499369, 13.416407864998739, 8.06225774829855, 4.123105625617661, 6.708203932499369, 8.246211251235321, 13.341664064126334, 1.0], [50.93132631298737, 43.9089968002003, 46.61544808322666, 45.34313619501854, 54.67174773134658, 54.08326913195984, 53.009433122794285, 45.27692569068709, 45.27692569068709, 50.08991914547278, 51.40038910358559, 51.088159097779204, 47.41307836451879, 57.0087712549569, 52.009614495783374, 48.41487374764082, 45.48626166217664, 53.25410782277739, 50.80354318352215, 51.42956348249516, 51.894122981316485, 42.01190307520001, 52.15361924162119, 44.654227123532216, 44.94441010848846, 2.23606797749979, 16.401219466856727, 12.36931687685298, 12.083045973594572, 7.0, 10.04987562112089, 4.47213595499958, 6.082762530298219, 0.0, 3.0, 6.324555320336759, 3.605551275463989, 7.0710678118654755, 8.06225774829855, 9.899494936611665, 13.341664064126334, 7.0, 2.0, 16.278820596099706, 2.0, 2.0, 2.0, 10.63014581273465, 15.0, 7.0710678118654755], [53.03772242470448, 45.48626166217664, 48.41487374764082, 47.38143096192854, 56.639209034025185, 55.80322571321482, 54.817880294662984, 46.87216658103186, 46.87216658103186, 51.478150704935004, 53.2634959423431, 53.075418038862395, 48.877397639399746, 58.89821729050889, 53.907327887774215, 50.32891812864648, 47.20169488482379, 55.0, 52.630789467763066, 52.839379254491625, 53.23532661682466, 43.93176527297759, 53.823786563191554, 46.400431032480725, 46.61544808322666, 2.8284271247461903, 14.142135623730951, 9.486832980505138, 11.180339887498949, 7.615773105863909, 7.0710678118654755, 2.23606797749979, 7.211102550927978, 3.0, 0.0, 6.082762530298219, 3.1622776601683795, 8.06225774829855, 8.246211251235321, 8.06225774829855, 10.44030650891055, 4.0, 1.0, 14.422205101855956, 3.605551275463989, 3.605551275463989, 1.0, 8.94427190999916, 12.727922061357855, 8.06225774829855], [48.27007354458868, 40.0, 43.18564576337837, 42.5205832509386, 51.62363799656123, 50.44799302251776, 49.57822102496216, 41.400483088968905, 41.400483088968905, 45.79301256742124, 48.104053883222775, 48.104053883222775, 43.266615305567875, 53.75872022286245, 48.79549159502341, 45.254833995939045, 41.86884283091664, 49.678969393496885, 47.4236228055175, 47.16990566028302, 47.50789408087881, 38.897300677553446, 48.41487374764082, 41.10960958218893, 41.23105625617661, 4.123105625617661, 11.704699910719626, 10.44030650891055, 5.830951894845301, 2.23606797749979, 10.63014581273465, 8.246211251235321, 3.0, 6.324555320336759, 6.082762530298219, 0.0, 3.0, 3.1622776601683795, 2.23606797749979, 5.0990195135927845, 11.40175425099138, 7.810249675906654, 6.0, 10.816653826391969, 8.246211251235321, 4.47213595499958, 6.0, 5.385164807134504, 10.44030650891055, 3.1622776601683795], [50.24937810560445, 42.43819034784589, 45.45327270945405, 44.553338819890925, 53.75872022286245, 52.80151512977634, 51.85556864985669, 43.829214001622255, 43.829214001622255, 48.373546489791295, 50.32891812864648, 50.20956084253277, 45.79301256742124, 55.97320787662612, 50.99019513592785, 47.4236228055175, 44.204072210600685, 52.009614495783374, 49.678969393496885, 49.73932046178355, 50.11985634456667, 41.036569057366385, 50.80354318352215, 43.41658669218482, 43.60045871318328, 1.4142135623730951, 13.038404810405298, 10.0, 8.54400374531753, 4.47213595499958, 8.94427190999916, 5.385164807134504, 4.242640687119285, 3.605551275463989, 3.1622776601683795, 3.0, 0.0, 5.0, 5.0990195135927845, 6.4031242374328485, 11.0, 5.830951894845301, 3.0, 12.727922061357855, 5.385164807134504, 2.23606797749979, 3.0, 7.0710678118654755, 11.661903789690601, 5.0], [45.34313619501854, 37.44329045369811, 40.45985664828782, 39.6232255123179, 48.79549159502341, 47.80167361086848, 46.861498055439924, 38.8329756778952, 38.8329756778952, 43.41658669218482, 45.34313619501854, 45.254833995939045, 40.8166632639171, 50.99019513592785, 46.010868281309364, 42.44997055358225, 39.20459156782532, 47.01063709417264, 44.68780594300866, 44.77722635447622, 45.17742799230607, 36.069377593742864, 45.803929962395145, 38.41874542459709, 38.600518131237564, 5.385164807134504, 14.317821063276353, 13.601470508735444, 7.211102550927978, 1.0, 13.601470508735444, 10.295630140987, 1.0, 7.0710678118654755, 8.06225774829855, 3.1622776601683795, 5.0, 0.0, 2.23606797749979, 8.0, 14.560219778561036, 10.63014581273465, 7.615773105863909, 13.0, 9.055385138137417, 5.0990195135927845, 7.615773105863909, 8.06225774829855, 13.152946437965905, 0.0], [46.22769732530488, 37.8021163428716, 41.036569057366385, 40.45985664828782, 49.51767361255979, 48.27007354458868, 47.4236228055175, 39.20459156782532, 39.20459156782532, 43.56604182158393, 45.967379738244816, 46.010868281309364, 41.048751503547585, 51.62363799656123, 46.66904755831214, 43.139309220245984, 39.698866482558415, 47.50789408087881, 45.27692569068709, 44.94441010848846, 45.27692569068709, 36.796738985948195, 46.22769732530488, 38.948684188300895, 39.05124837953327, 6.0, 12.165525060596439, 12.083045973594572, 5.0, 1.4142135623730951, 12.727922061357855, 10.44030650891055, 2.8284271247461903, 8.06225774829855, 8.246211251235321, 2.23606797749979, 5.0990195135927845, 2.23606797749979, 0.0, 6.082762530298219, 13.0, 10.0, 8.06225774829855, 10.770329614269007, 10.04987562112089, 6.082762530298219, 8.06225774829855, 6.0, 11.045361017187261, 2.23606797749979], [51.61395160225576, 42.44997055358225, 46.010868281309364, 45.803929962395145, 54.67174773134658, 53.03772242470448, 52.3450093132096, 43.86342439892262, 43.86342439892262, 47.80167361086848, 50.99019513592785, 51.22499389946279, 45.45327270945405, 56.639209034025185, 51.73973328110612, 48.27007354458868, 44.553338819890925, 52.32590180780452, 50.24937810560445, 49.20365840057018, 49.4064773081425, 42.01190307520001, 50.93132631298737, 43.86342439892262, 43.840620433565945, 7.810249675906654, 6.708203932499369, 6.4031242374328485, 4.47213595499958, 7.0, 8.54400374531753, 9.486832980505138, 8.06225774829855, 9.899494936611665, 8.06225774829855, 5.0990195135927845, 6.4031242374328485, 8.0, 6.082762530298219, 0.0, 7.211102550927978, 7.0, 8.602325267042627, 6.4031242374328485, 11.40175425099138, 8.602325267042627, 8.602325267042627, 1.0, 5.385164807134504, 8.0], [58.82176467941097, 49.49747468305833, 53.150729063673246, 53.009433122794285, 61.84658438426491, 60.108235708594876, 59.464274989274024, 50.9116882454314