O=[[30.14962686336267, 18.027756377319946, 26.076809620810597, 19.235384061671343, 18.24828759089466, 21.587033144922902, 28.160255680657446, 26.832815729997478, 22.80350850198276, 23.323807579381203, 19.313207915827967, 27.85677655436824, 26.0, 18.027756377319946, 26.92582403567252, 27.018512172212592, 17.46424919657298, 28.160255680657446, 23.08679276123039, 17.26267650163207, 24.73863375370596, 19.235384061671343, 29.614185789921695, 17.26267650163207, 24.0, 33.24154027718932, 32.64965543462902, 24.351591323771842, 32.55764119219941, 27.459060435491963, 35.11409973215888, 29.410882339705484, 30.805843601498726, 28.42534080710379, 27.784887978899608, 29.120439557122072, 34.92849839314596, 34.0147027033899, 33.1058907144937, 25.238858928247925, 33.24154027718932, 27.294688127912362, 27.65863337187866, 26.248809496813376, 32.449961479175904, 30.364452901377952, 36.138621999185304, 24.698178070456937, 35.4682957019364, 24.73863375370596], [24.596747752497688, 20.024984394500787, 22.135943621178654, 22.0, 22.02271554554524, 24.08318915758459, 23.769728648009426, 31.400636936215164, 33.015148038438355, 31.016124838541646, 26.019223662515376, 29.832867780352597, 20.248456731316587, 25.079872407968907, 33.24154027718932, 21.540659228538015, 23.08679276123039, 28.160255680657446, 26.1725046566048, 22.090722034374522, 25.495097567963924, 22.0, 26.92582403567252, 22.090722034374522, 19.6468827043885, 33.24154027718932, 35.4400902933387, 27.294688127912362, 28.178005607210743, 34.23448553724738, 34.0147027033899, 29.410882339705484, 28.231188426986208, 37.12142238654117, 33.37663853655727, 28.460498941515414, 30.886890422961002, 35.11409973215888, 34.785054261852174, 33.06055050963308, 33.24154027718932, 32.38826948140329, 37.05401462729781, 27.65863337187866, 37.8549864614954, 29.732137494637012, 32.2490309931942, 28.284271247461902, 34.92849839314596, 25.495097567963924], [47.01063709417264, 35.014282800023196, 43.0, 36.013886210738214, 35.014282800023196, 38.118237105091836, 45.0111097397076, 42.20189569201838, 37.0, 38.3275357934736, 35.35533905932738, 43.73785545725808, 43.04648650006177, 34.23448553724738, 41.7612260356422, 44.01136216933077, 34.058772731852805, 44.40720662234904, 39.319206502675, 34.0147027033899, 41.19465984809196, 36.013886210738214, 46.17358552246078, 34.0147027033899, 41.048751503547585, 33.37663853655727, 31.064449134018133, 26.570660511172846, 35.73513677041127, 25.079872407968907, 35.35533905932738, 31.04834939252005, 33.52610922848042, 24.020824298928627, 26.1725046566048, 31.32091952673165, 37.107950630558946, 33.13608305156178, 32.14031735997639, 23.194827009486403, 33.37663853655727, 26.30589287593181, 23.021728866442675, 28.460498941515414, 29.017236257093817, 32.01562118716424, 37.8549864614954, 26.248809496813376, 35.22782990761707, 28.231188426986208], [8.246211251235321, 5.656854249492381, 5.0, 3.605551275463989, 4.47213595499958, 1.0, 6.324555320336759, 7.280109889280518, 9.848857801796104, 7.280109889280518, 4.47213595499958, 6.4031242374328485, 6.4031242374328485, 5.0990195135927845, 9.055385138137417, 6.4031242374328485, 5.0990195135927845, 5.830951894845301, 2.0, 5.385164807134504, 2.23606797749979, 3.605551275463989, 7.0710678118654755, 5.385164807134504, 5.385164807134504, 49.51767361255979, 50.24937810560445, 41.036569057366385, 46.400431032480725, 46.400431032480725, 50.99019513592785, 45.27692569068709, 45.45327270945405, 48.25971404805462, 46.22769732530488, 44.598206241955516, 49.20365840057018, 50.91168824543142, 50.20956084253277, 44.40720662234904, 49.51767361255979, 45.45327270945405, 47.70744176750625, 42.42640687119285, 51.22499389946279, 46.010868281309364, 50.60632371551998, 41.773197148410844, 51.66236541235796, 40.311288741492746], [48.27007354458868, 36.138621999185304, 44.14748010928823, 37.64306044943742, 36.68787265568828, 40.162171256046406, 46.32493928760188, 45.617978911828175, 41.340053217188775, 42.05948168962618, 38.07886552931954, 46.61544808322666, 43.73785545725808, 36.76955262170047, 45.65084884205331, 44.91102314577124, 36.05551275463989, 46.8187996428785, 41.78516483155236, 35.73513677041127, 43.32435804486894, 37.64306044943742, 48.08326112068523, 35.73513677041127, 41.773197148410844, 23.53720459187964, 21.095023109728988, 17.4928556845359, 26.40075756488817, 15.132745950421556, 25.495097567963924, 21.540659228538015, 24.166091947189145, 14.035668847618199, 16.278820596099706, 21.93171219946131, 27.51363298439521, 23.194827009486403, 22.20360331117452, 13.341664064126334, 23.53720459187964, 16.492422502470642, 13.038404810405298, 19.235384061671343, 19.026297590440446, 22.47220505424423, 28.160255680657446, 17.0, 25.317977802344327, 19.4164878389476]]
C=[[0.0, 12.165525060596439, 4.123105625617661, 11.0, 12.0, 9.219544457292887, 2.0, 10.816653826391969, 16.278820596099706, 13.45362404707371, 12.649110640673518, 8.06225774829855, 5.0, 13.341664064126334, 13.038404810405298, 3.605551275463989, 13.038404810405298, 5.830951894845301, 8.94427190999916, 13.0, 6.708203932499369, 11.0, 3.1622776601683795, 13.0, 6.708203932499369, 54.037024344425184, 55.21775076911409, 46.04345773288535, 50.20956084253277, 51.97114584074513, 55.31726674375732, 49.8196748283246, 49.57822102496216, 54.120236510939236, 51.62363799656123, 49.040799340956916, 53.03772242470448, 55.60575509783138, 55.0, 50.11985634456667, 54.037024344425184, 50.774009099144415, 53.665631459994955, 47.20169488482379, 56.60388679233962, 50.44799302251776, 54.45181356024793, 46.87216658103186, 56.08029957123981, 45.0], [12.165525060596439, 0.0, 8.06225774829855, 2.23606797749979, 2.0, 5.0, 10.198039027185569, 12.529964086141668, 13.0, 11.180339887498949, 6.0, 12.041594578792296, 8.06225774829855, 5.0990195135927845, 13.92838827718412, 9.0, 3.1622776601683795, 11.40175425099138, 7.211102550927978, 2.23606797749979, 7.810249675906654, 2.23606797749979, 12.083045973594572, 2.23606797749979, 6.082762530298219, 43.86342439892262, 44.598206241955516, 35.38361202590826, 40.80441152620633, 40.80441152620633, 45.34313619501854, 39.6232255123179, 39.824615503479755, 42.720018726587654, 40.607881008493905, 38.948684188300895, 43.60045871318328, 45.254833995939045, 44.553338819890925, 38.8329756778952, 43.86342439892262, 39.824615503479755, 42.190046219457976, 36.76955262170047, 45.60701700396552, 40.36087214122113, 45.0, 36.124783736376884, 46.010868281309364, 34.655446902326915], [4.123105625617661, 8.06225774829855, 0.0, 7.0710678118654755, 8.06225774829855, 5.830951894845301, 2.23606797749979, 10.198039027185569, 14.422205101855956, 11.661903789690601, 9.433981132056603, 8.0, 2.0, 9.848857801796104, 12.36931687685298, 1.4142135623730951, 9.219544457292887, 6.082762530298219, 6.4031242374328485, 9.055385138137417, 4.47213595499958, 7.0710678118654755, 5.0, 9.055385138137417, 2.8284271247461903, 50.32891812864648, 51.40038910358559, 42.20189569201838, 46.69047011971501, 48.02082881417188, 51.66236541235796, 46.09772228646444, 45.967379738244816, 50.11985634456667, 47.70744176750625, 45.34313619501854, 49.51767361255979, 51.85556864985669, 51.22499389946279, 46.14108798023731, 50.32891812864648, 46.87216658103186, 49.64876634922564, 43.41658669218482, 52.69724850502159, 46.75467891024384, 50.93132631298737, 43.01162633521314, 52.40229002629561, 41.23105625617661], [11.0, 2.23606797749979, 7.0710678118654755, 0.0, 1.0, 2.8284271247461903, 9.0, 10.295630140987, 11.045361017187261, 9.055385138137417, 4.123105625617661, 9.899494936611665, 7.615773105863909, 3.605551275463989, 11.704699910719626, 8.246211251235321, 2.23606797749979, 9.433981132056603, 5.0, 2.0, 5.830951894845301, 0.0, 10.44030650891055, 2.0, 5.830951894845301, 46.010868281309364, 46.69047011971501, 37.48332962798263, 43.01162633521314, 42.80186911806539, 47.50789408087881, 41.773197148410844, 42.01190307520001, 44.654227123532216, 42.638011210655684, 41.10960958218893, 45.803929962395145, 47.38143096192854, 46.66904755831214, 40.80441152620633, 46.010868281309364, 41.86884283091664, 44.10215414239989, 38.897300677553446, 47.634021455258214, 42.5205832509386, 47.20169488482379, 38.2099463490856, 48.16637831516918, 36.796738985948195], [12.0, 2.0, 8.06225774829855, 1.0, 0.0, 3.605551275463989, 10.0, 10.816653826391969, 11.0, 9.219544457292887, 4.0, 10.63014581273465, 8.54400374531753, 3.1622776601683795, 12.083045973594572, 9.219544457292887, 1.4142135623730951, 10.295630140987, 5.656854249492381, 1.0, 6.708203932499369, 1.0, 11.40175425099138, 1.0, 6.708203932499369, 45.34313619501854, 45.967379738244816, 36.76955262170047, 42.43819034784589, 42.01190307520001, 46.861498055439924, 41.10960958218893, 41.400483088968905, 43.829214001622255, 41.86884283091664, 40.45985664828782, 45.221676218380054, 46.69047011971501, 45.967379738244816, 40.0, 45.34313619501854, 41.10960958218893, 43.266615305567875, 38.2099463490856, 46.861498055439924, 41.86884283091664, 46.61544808322666, 37.48332962798263, 47.50789408087881, 36.124783736376884], [9.219544457292887, 5.0, 5.830951894845301, 2.8284271247461903, 3.605551275463989, 0.0, 7.280109889280518, 7.615773105863909, 9.486832980505138, 7.0710678118654755, 3.605551275463989, 7.0710678118654755, 7.0710678118654755, 4.123105625617661, 9.219544457292887, 7.211102550927978, 4.123105625617661, 6.708203932499369, 2.23606797749979, 4.47213595499958, 3.1622776601683795, 2.8284271247461903, 8.06225774829855, 4.47213595499958, 5.830951894845301, 48.83646178829912, 49.51767361255979, 40.311288741492746, 45.803929962395145, 45.60701700396552, 50.32891812864648, 44.598206241955516, 44.82186966202994, 47.43416490252569, 45.45327270945405, 43.93176527297759, 48.60041152089147, 50.20956084253277, 49.49747468305833, 43.60045871318328, 48.83646178829912, 44.68780594300866, 46.87216658103186, 41.72529209005013, 50.44799302251776, 45.34313619501854, 50.0, 41.036569057366385, 50.99019513592785, 39.6232255123179], [2.0, 10.198039027185569, 2.23606797749979, 9.0, 10.0, 7.280109889280518, 0.0, 9.848857801796104, 14.866068747318506, 12.041594578792296, 10.770329614269007, 7.280109889280518, 3.605551275463989, 11.40175425099138, 12.083045973594572, 2.23606797749979, 11.045361017187261, 5.0990195135927845, 7.211102550927978, 11.0, 5.0, 9.0, 3.1622776601683795, 11.0, 5.0, 52.49761899362675, 53.600373133029585, 44.40720662234904, 48.79549159502341, 50.24937810560445, 53.81449618829484, 48.27007354458868, 48.104053883222775, 52.354560450833695, 49.92995093127971, 47.50789408087881, 51.62363799656123, 54.037024344425184, 53.41348144429457, 48.373546489791295, 52.49761899362675, 49.09175083453431, 51.884487084291386, 45.60701700396552, 54.91812087098393, 48.91829923454004, 53.03772242470448, 45.221676218380054, 54.56189146281496, 43.41658669218482], [10.816653826391969, 12.529964086141668, 10.198039027185569, 10.295630140987, 10.816653826391969, 7.615773105863909, 9.848857801796104, 0.0, 6.324555320336759, 4.0, 7.810249675906654, 2.8284271247461903, 12.165525060596439, 9.219544457292887, 2.23606797749979, 11.40175425099138, 10.63014581273465, 5.0, 5.385164807134504, 11.40175425099138, 6.0, 10.295630140987, 7.810249675906654, 11.40175425099138, 12.0, 56.08029957123981, 56.586217403180434, 47.4236228055175, 53.25410782277739, 52.40229002629561, 57.62811813689564, 51.85556864985669, 52.20153254455275, 54.037024344425184, 52.3450093132096, 51.22499389946279, 56.0357029044876, 57.38466694161429, 56.639209034025185, 50.32891812864648, 56.08029957123981, 51.62363799656123, 53.41348144429457, 48.91829923454004, 57.3149195236284, 52.630789467763066, 57.42821606144492, 48.104053883222775, 58.25804665451803, 46.861498055439924], [16.278820596099706, 13.0, 14.422205101855956, 11.045361017187261, 11.0, 9.486832980505138, 14.866068747318506, 6.324555320336759, 0.0, 2.8284271247461903, 7.0, 8.94427190999916, 16.1245154965971, 8.06225774829855, 5.0, 15.811388300841896, 10.04987562112089, 10.816653826391969, 8.06225774829855, 11.045361017187261, 10.0, 11.045361017187261, 13.601470508735444, 11.045361017187261, 15.231546211727817, 54.08326913195984, 54.20332093147061, 45.221676218380054, 51.884487084291386, 49.57822102496216, 55.758407437802596, 49.92995093127971, 50.60632371551998, 50.91168824543142, 49.678969393496885, 49.39635614091387, 54.589376255824725, 55.21775076911409, 54.405882034941776, 47.4236228055175, 54.08326913195984, 49.040799340956916, 50.20956084253277, 46.87216658103186, 54.56189146281496, 50.774009099144415, 55.94640292279746, 45.803929962395145, 56.302753041036986, 44.94441010848846], [13.45362404707371, 11.180339887498949, 11.661903789690601, 9.055385138137417, 9.219544457292887, 7.0710678118654755, 12.041594578792296, 4.0, 2.8284271247461903, 0.0, 5.385164807134504, 6.324555320336759, 13.416407864998739, 6.708203932499369, 3.605551275463989, 13.038404810405298, 8.54400374531753, 8.06225774829855, 5.385164807134504, 9.486832980505138, 7.211102550927978, 9.055385138137417, 10.816653826391969, 9.486832980505138, 12.649110640673518, 53.600373133029585, 53.907327887774215, 44.82186966202994, 51.10772935672255, 49.49747468305833, 55.21775076911409, 49.4064773081425, 49.92995093127971, 50.99019513592785, 49.51767361255979, 48.82622246293481, 53.85164807134504, 54.817880294662984, 54.037024344425184, 47.38143096192854, 53.600373133029585, 48.83646178829912, 50.32891812864648, 46.400431032480725, 54.45181356024793, 50.21951811795888, 55.226805085936306, 45.45327270945405, 55.80322571321482, 44.40720662234904], [12.649110640673518, 6.0, 9.433981132056603, 4.123105625617661, 4.0, 3.605551275463989, 10.770329614269007, 7.810249675906654, 7.0, 5.385164807134504, 0.0, 8.54400374531753, 10.63014581273465, 1.4142135623730951, 8.602325267042627, 10.816653826391969, 3.1622776601683795, 9.055385138137417, 4.0, 4.123105625617661, 6.082762530298219, 4.123105625617661, 11.045361017187261, 4.123105625617661, 9.219544457292887, 48.41487374764082, 48.83646178829912, 39.698866482558415, 45.79301256742124, 44.598206241955516, 50.0, 44.204072210600685, 44.654227123532216, 46.22769732530488, 44.553338819890925, 43.60045871318328, 48.54894437575342, 49.678969393496885, 48.91829923454004, 42.5205832509386, 48.41487374764082, 43.840620433565945, 45.60701700396552, 41.23105625617661, 49.51767361255979, 45.0, 49.92995093127971, 40.36087214122113, 50.60632371551998, 39.20459156782532], [8.06225774829855, 12.041594578792296, 8.0, 9.899494936611665, 10.63014581273465, 7.0710678118654755, 7.280109889280518, 2.8284271247461903, 8.94427190999916, 6.324555320336759, 8.54400374531753, 0.0, 10.0, 9.848857801796104, 5.0, 9.055385138137417, 10.816653826391969, 2.23606797749979, 5.0, 11.40175425099138, 4.47213595499958, 9.899494936611665, 5.0, 11.40175425099138, 10.198039027185569, 55.90169943749474, 56.586217403180434, 47.38143096192854, 52.80151512977634, 52.630789467763066, 57.38466694161429, 51.66236541235796, 51.85556864985669, 54.405882034941776, 52.49761899362675, 50.99019513592785, 55.60575509783138, 57.28001396647874, 56.568542494923804, 50.60632371551998, 55.90169943749474, 51.73973328110612, 53.823786563191554, 48.79549159502341, 57.48912940721924, 52.40229002629561, 57.0087712549569, 48.104053883222775, 58.05170109479997, 46.69047011971501], [5.0, 8.06225774829855, 2.0, 7.615773105863909, 8.54400374531753, 7.0710678118654755, 3.605551275463989, 12.165525060596439, 16.1245154965971, 13.416407864998739, 10.63014581273465, 10.0, 0.0, 10.816653826391969, 14.317821063276353, 1.4142135623730951, 9.848857801796104, 8.06225774829855, 8.06225774829855, 9.486832980505138, 6.324555320336759, 7.615773105863909, 6.708203932499369, 9.486832980505138, 2.0, 49.040799340956916, 50.21951811795888, 41.048751503547585, 45.254833995939045, 47.01063709417264, 50.32891812864648, 44.82186966202994, 44.598206241955516, 49.193495504995376, 46.647615158762406, 44.04543109109048, 48.08326112068523, 50.60632371551998, 50.0, 45.17742799230607, 49.040799340956916, 45.79301256742124, 48.75448697299562, 42.20189569201838, 51.62363799656123, 45.45327270945405, 49.49747468305833, 41.88078318274385, 51.088159097779204, 40.0], [13.341664064126334, 5.0990195135927845, 9.848857801796104, 3.605551275463989, 3.1622776601683795, 4.123105625617661, 11.40175425099138, 9.219544457292887, 8.06225774829855, 6.708203932499369, 1.4142135623730951, 9.848857801796104, 10.816653826391969, 0.0, 10.0, 11.180339887498949, 2.0, 10.198039027185569, 5.0990195135927845, 3.0, 7.0, 3.605551275463989, 12.0, 3.0, 9.219544457292887, 47.01063709417264, 47.4236228055175, 38.28837943815329, 44.41846462902562, 43.18564576337837, 48.60041152089147, 42.80186911806539, 43.266615305567875, 44.82186966202994, 43.139309220245984, 42.20189569201838, 47.16990566028302, 48.27007354458868, 47.50789408087881, 41.10960958218893, 47.01063709417264, 42.42640687119285, 44.204072210600685, 39.824615503479755, 48.104053883222775, 43.60045871318328, 48.54894437575342, 38.948684188300895, 49.20365840057018, 37.8021163428716], [13.038404810405298, 13.92838827718412, 12.36931687685298, 11.704699910719626, 12.083045973594572, 9.219544457292887, 12.083045973594572, 2.23606797749979, 5.0, 3.605551275463989, 8.602325267042627, 5.0, 14.317821063276353, 10.0, 0.0, 13.601470508735444, 11.661903789690601, 7.211102550927978, 7.0710678118654755, 12.529964086141668, 8.06225774829855, 11.704699910719626, 10.0, 12.529964086141668, 14.035668847618199, 57.0087712549569, 57.38466694161429, 48.27007354458868, 54.378304497290095, 53.03772242470448, 58.60034129593445, 52.80151512977634, 53.25410782277739, 54.56189146281496, 53.03772242470448, 52.20153254455275, 57.14017850864661, 58.25804665451803, 57.48912940721924, 50.93132631298737, 57.0087712549569, 52.3450093132096, 53.907327887774215, 49.8196748283246, 57.982756057296896, 53.600373133029585, 58.52349955359813, 48.91829923454004, 59.20304046246274, 47.80167361086848], [3.605551275463989, 9.0, 1.4142135623730951, 8.246211251235321, 9.219544457292887, 7.211102550927978, 2.23606797749979, 11.40175425099138, 15.811388300841896, 13.038404810405298, 10.816653826391969, 9.055385138137417, 1.4142135623730951, 11.180339887498949, 13.601470508735444, 0.0, 10.44030650891055, 7.0, 7.810249675906654, 10.198039027185569, 5.830951894845301, 8.246211251235321, 5.385164807134504, 10.198039027185569, 3.1622776601683795, 50.44799302251776, 51.61395160225576, 42.43819034784589, 46.66904755831214, 48.373546489791295, 51.73973328110612, 46.22769732530488, 46.010868281309364, 50.53711507397311, 48.02082881417188, 45.45327270945405, 49.49747468305833, 52.009614495783374, 51.40038910358559, 46.52956049652737, 50.44799302251776, 47.16990566028302, 50.08991914547278, 43.60045871318328, 53.0, 46.861498055439924, 50.91168824543142, 43.266615305567875, 52.49761899362675, 41.400483088968905], [13.038404810405298, 3.1622776601683795, 9.219544457292887, 2.23606797749979, 1.4142135623730951, 4.123105625617661, 11.045361017187261, 10.63014581273465, 10.04987562112089, 8.54400374531753, 3.1622776601683795, 10.816653826391969, 9.848857801796104, 2.0, 11.661903789690601, 10.44030650891055, 0.0, 10.770329614269007, 5.830951894845301, 1.0, 7.280109889280518, 2.23606797749979, 12.165525060596439, 1.0, 8.06225774829855, 45.45327270945405, 45.967379738244816, 36.796738985948195, 42.720018726587654, 41.86884283091664, 47.01063709417264, 41.23105625617661, 41.617304093369626, 43.60045871318328, 41.773197148410844, 40.607881008493905, 45.48626166217664, 46.75467891024384, 46.010868281309364, 39.824615503479755, 45.45327270945405, 41.036569057366385, 43.01162633521314, 38.28837943815329, 46.75467891024384, 42.01190307520001, 46.87216658103186, 37.48332962798263, 47.634021455258214, 36.235341863986875], [5.830951894845301, 11.40175425099138, 6.082762530298219, 9.433981132056603, 10.295630140987, 6.708203932499369, 5.0990195135927845, 5.0, 10.816653826391969, 8.06225774829855, 9.055385138137417, 2.23606797749979, 8.06225774829855, 10.198039027185569, 7.211102550927978, 7.0, 10.770329614269007, 0.0, 5.0990195135927845, 11.180339887498949, 3.605551275463989, 9.433981132056603, 2.8284271247461903, 11.180339887498949, 8.54400374531753, 55.154328932550705, 55.97320787662612, 46.75467891024384, 51.85556864985669, 52.20153254455275, 56.586217403180434, 50.91168824543142, 50.99019513592785, 54.08326913195984, 52.009614495783374, 50.20956084253277, 54.67174773134658, 56.586217403180434, 55.90169943749474, 50.21951811795888, 55.154328932550705, 51.22499389946279, 53.53503525729669, 48.104053883222775, 57.0087712549569, 51.62363799656123, 56.08029957123981, 47.50789408087881, 57.28001396647874, 45.967379738244816], [8.94427190999916, 7.211102550927978, 6.4031242374328485, 5.0, 5.656854249492381, 2.23606797749979, 7.211102550927978, 5.385164807134504, 8.06225774829855, 5.385164807134504, 4.0, 5.0, 8.06225774829855, 5.0990195135927845, 7.0710678118654755, 7.810249675906654, 5.830951894845301, 5.0990195135927845, 0.0, 6.4031242374328485, 2.23606797749979, 5.0, 7.0710678118654755, 6.4031242374328485, 7.280109889280518, 50.99019513592785, 51.62363799656123, 42.42640687119285, 48.010415536631214, 47.634021455258214, 52.49761899362675, 46.75467891024384, 47.01063709417264, 49.4064773081425, 47.50789408087881, 46.09772228646444, 50.80354318352215, 52.3450093132096, 51.62363799656123, 45.60701700396552, 50.99019513592785, 46.75467891024384, 48.82622246293481, 43.86342439892262, 52.49761899362675, 47.50789408087881, 52.20153254455275, 43.139309220245984, 53.150729063673246, 41.773197148410844], [13.0, 2.23606797749979, 9.055385138137417, 2.0, 1.0, 4.47213595499958, 11.0, 11.40175425099138, 11.045361017187261, 9.486832980505138, 4.123105625617661, 11.40175425099138, 9.486832980505138, 3.0, 12.529964086141668, 10.198039027185569, 1.0, 11.180339887498949, 6.4031242374328485, 0.0, 7.615773105863909, 2.0, 12.36931687685298, 0.0, 7.615773105863909, 44.68780594300866, 45.254833995939045, 36.069377593742864, 41.88078318274385, 41.23105625617661, 46.22769732530488, 40.45985664828782, 40.80441152620633, 43.01162633521314, 41.10960958218893, 39.824615503479755, 44.654227123532216, 46.010868281309364, 45.27692569068709, 39.20459156782532, 44.68780594300866, 40.36087214122113, 42.43819034784589, 37.53664875824692, 46.09772228646444, 41.23105625617661, 46.04345773288535, 36.76955262170047, 46.861498055439924, 35.4682957019364], [6.708203932499369, 7.810249675906654, 4.47213595499958, 5.830951894845301, 6.708203932499369, 3.1622776601683795, 5.0, 6.0, 10.0, 7.211102550927978, 6.082762530298219, 4.47213595499958, 6.324555320336759, 7.0, 8.06225774829855, 5.830951894845301, 7.280109889280518, 3.605551275463989, 2.23606797749979, 7.615773105863909, 0.0, 5.830951894845301, 5.0, 7.615773105863909, 6.0, 51.62363799656123, 52.40229002629561, 43.18564576337837, 48.41487374764082, 48.60041152089147, 53.075418038862395, 47.38143096192854, 47.50789408087881, 50.47771785649585, 48.41487374764082, 46.69047011971501, 51.22499389946279, 53.03772242470448, 52.3450093132096, 46.61544808322666, 51.62363799656123, 47.634021455258214, 49.92995093127971, 44.553338819890925, 53.41348144429457, 48.104053883222775, 52.630789467763066, 43.93176527297759, 53.75872022286245, 42.42640687119285], [11.0, 2.23606797749979, 7.0710678118654755, 0.0, 1.0, 2.8284271247461903, 9.0, 10.295630140987, 11.045361017187261, 9.055385138137417, 4.123105625617661, 9.899494936611665, 7.615773105863909, 3.605551275463989, 11.704699910719626, 8.246211251235321, 2.23606797749979, 9.433981132056603, 5.0, 2.0, 5.830951894845301, 0.0, 10.44030650891055, 2.0, 5.830951894845301, 46.010868281309364, 46.69047011971501, 37.48332962798263, 43.01162633521314, 42.80186911806539, 47.50789408087881, 41.773197148410844, 42.01190307520001, 44.654227123532216, 42.638011210655684, 41.10960958218893, 45.803929962395145, 47.38143096192854, 46.66904755831214, 40.80441152620633, 46.010868281309364, 41.86884283091664, 44.10215414239989, 38.897300677553446, 47.634021455258214, 42.5205832509386, 47.20169488482379, 38.2099463490856, 48.16637831516918, 36.796738985948195], [3.1622776601683795, 12.083045973594572, 5.0, 10.44030650891055, 11.40175425099138, 8.06225774829855, 3.1622776601683795, 7.810249675906654, 13.601470508735444, 10.816653826391969, 11.045361017187261, 5.0, 6.708203932499369, 12.0, 10.0, 5.385164807134504, 12.165525060596439, 2.8284271247461903, 7.0710678118654755, 12.36931687685298, 5.0, 10.44030650891055, 0.0, 12.36931687685298, 7.810249675906654, 55.226805085936306, 56.22277118748239, 47.01063709417264, 51.66236541235796, 52.69724850502159, 56.586217403180434, 50.99019513592785, 50.91168824543142, 54.70831746635972, 52.43090691567332, 50.24937810560445, 54.48853090330111, 56.72741841473134, 56.08029957123981, 50.774009099144415, 55.226805085936306, 51.61395160225576, 54.20332093147061, 48.27007354458868, 57.42821606144492, 51.66236541235796, 55.90169943749474, 47.80167361086848, 57.3149195236284, 46.09772228646444], [13.0, 2.23606797749979, 9.055385138137417, 2.0, 1.0, 4.47213595499958, 11.0, 11.40175425099138, 11.045361017187261, 9.486832980505138, 4.123105625617661, 11.40175425099138, 9.486832980505138, 3.0, 12.529964086141668, 10.198039027185569, 1.0, 11.180339887498949, 6.4031242374328485, 0.0, 7.615773105863909, 2.0, 12.36931687685298, 0.0, 7.615773105863909, 44.68780594300866, 45.254833995939045, 36.069377593742864, 41.88078318274385, 41.23105625617661, 46.22769732530488, 40.45985664828782, 40.80441152620633, 43.01162633521314, 41.10960958218893, 39.824615503479755, 44.654227123532216, 46.010868281309364, 45.27692569068709, 39.20459156782532, 44.68780594300866, 40.36087214122113, 42.43819034784589, 37.53664875824692, 46.09772228646444, 41.23105625617661, 46.04345773288535, 36.76955262170047, 46.861498055439924, 35.4682957019364], [6.708203932499369, 6.082762530298219, 2.8284271247461903, 5.830951894845301, 6.708203932499369, 5.830951894845301, 5.0, 12.0, 15.231546211727817, 12.649110640673518, 9.219544457292887, 10.198039027185569, 2.0, 9.219544457292887, 14.035668847618199, 3.1622776601683795, 8.06225774829855, 8.54400374531753, 7.280109889280518, 7.615773105863909, 6.0, 5.830951894845301, 7.810249675906654, 7.615773105863909, 0.0, 47.50789408087881, 48.60041152089147, 39.408120990476064, 43.86342439892262, 45.27692569068709, 48.83646178829912, 43.278170016764804, 43.139309220245984, 47.41307836451879, 44.94441010848846, 42.5205832509386, 46.69047011971501, 49.040799340956916, 48.41487374764082, 43.41658669218482, 47.50789408087881, 44.10215414239989, 46.95742752749558, 40.607881008493905, 49.92995093127971, 43.93176527297759, 48.104053883222775, 40.22437072223753, 49.57822102496216, 38.41874542459709], [54.037024344425184, 43.86342439892262, 50.32891812864648, 46.010868281309364, 45.34313619501854, 48.83646178829912, 52.49761899362675, 56.08029957123981, 54.08326913195984, 53.600373133029585, 48.41487374764082, 55.90169943749474, 49.040799340956916, 47.01063709417264, 57.0087712549569, 50.44799302251776, 45.45327270945405, 55.154328932550705, 50.99019513592785, 44.68780594300866, 51.62363799656123, 46.010868281309364, 55.226805085936306, 44.68780594300866, 47.50789408087881, 0.0, 3.605551275463989, 8.94427190999916, 6.082762530298219, 8.54400374531753, 2.0, 4.242640687119285, 5.0990195135927845, 10.816653826391969, 7.280109889280518, 5.0, 5.0, 2.0, 2.23606797749979, 10.198039027185569, 0.0, 7.0710678118654755, 11.661903789690601, 7.211102550927978, 7.211102550927978, 3.605551275463989, 5.0, 8.54400374531753, 2.23606797749979, 9.219544457292887], [55.21775076911409, 44.598206241955516, 51.40038910358559, 46.69047011971501, 45.967379738244816, 49.51767361255979, 53.600373133029585, 56.586217403180434, 54.20332093147061, 53.907327887774215, 48.83646178829912, 56.586217403180434, 50.21951811795888, 47.4236228055175, 57.38466694161429, 51.61395160225576, 45.967379738244816, 55.97320787662612, 51.62363799656123, 45.254833995939045, 52.40229002629561, 46.69047011971501, 56.22277118748239, 45.254833995939045, 48.60041152089147, 3.605551275463989, 0.0, 9.219544457292887, 9.486832980505138, 6.0, 5.0, 6.082762530298219, 8.06225774829855, 7.615773105863909, 5.0990195135927845, 7.0710678118654755, 8.602325267042627, 2.23606797749979, 1.4142135623730951, 8.06225774829855, 3.605551275463989, 5.385164807134504, 8.54400374531753, 8.06225774829855, 3.605551275463989, 6.0, 8.48528137423857, 8.48528137423857, 4.47213595499958, 10.295630140987], [46.04345773288535, 35.38361202590826, 42.20189569201838, 37.48332962798263, 36.76955262170047, 40.311288741492746, 44.40720662234904, 47.4236228055175, 45.221676218380054, 44.82186966202994, 39.698866482558415, 47.38143096192854, 41.048751503547585, 38.28837943815329, 48.27007354458868, 42.43819034784589, 36.796738985948195, 46.75467891024384, 42.42640687119285, 36.069377593742864, 43.18564576337837, 37.48332962798263, 47.01063709417264, 36.069377593742864, 39.408120990476064, 8.94427190999916, 9.219544457292887, 0.0, 9.219544457292887, 7.0, 10.770329614269007, 5.0990195135927845, 7.0710678118654755, 10.04987562112089, 6.082762530298219, 5.0, 11.0, 10.0, 9.219544457292887, 6.324555320336759, 8.94427190999916, 5.0990195135927845, 10.198039027185569, 2.0, 10.770329614269007, 6.082762530298219, 12.041594578792296, 1.0, 11.180339887498949, 2.23606797749979], [50.20956084253277, 40.80441152620633, 46.69047011971501, 43.01162633521314, 42.43819034784589, 45.803929962395145, 48.79549159502341, 53.25410782277739, 51.884487084291386, 51.10772935672255, 45.79301256742124, 52.80151512977634, 45.254833995939045, 44.41846462902562, 54.378304497290095, 46.66904755831214, 42.720018726587654, 51.85556864985669, 48.010415536631214, 41.88078318274385, 48.41487374764082, 43.01162633521314, 51.66236541235796, 41.88078318274385, 43.86342439892262, 6.082762530298219, 9.486832980505138, 9.219544457292887, 0.0, 12.727922061357855, 6.082762530298219, 5.0, 2.23606797749979, 15.620499351813308, 11.313708498984761, 4.47213595499958, 2.8284271247461903, 8.06225774829855, 8.246211251235321, 13.601470508735444, 6.082762530298219, 10.63014581273465, 16.278820596099706, 7.280109889280518, 13.0, 4.242640687119285, 4.242640687119285, 9.486832980505138, 7.0710678118654755, 8.0], [51.97114584074513, 40.80441152620633, 48.02082881417188, 42.80186911806539, 42.01190307520001, 45.60701700396552, 50.24937810560445, 52.40229002629561, 49.57822102496216, 49.49747468305833, 44.598206241955516, 52.630789467763066, 47.01063709417264, 43.18564576337837, 53.03772242470448, 48.373546489791295, 41.86884283091664, 52.20153254455275, 47.634021455258214, 41.23105625617661, 48.60041152089147, 42.80186911806539, 52.69724850502159, 41.23105625617661, 45.27692569068709, 8.54400374531753, 6.0, 7.0, 12.727922061357855, 0.0, 10.44030650891055, 7.810249675906654, 10.63014581273465, 3.1622776601683795, 1.4142135623730951, 8.602325267042627, 13.038404810405298, 8.06225774829855, 7.0710678118654755, 2.23606797749979, 8.54400374531753, 2.23606797749979, 3.605551275463989, 7.280109889280518, 5.0, 8.48528137423857, 13.416407864998739, 6.0, 10.198039027185569, 9.055385138137417], [55.31726674375732, 45.34313619501854, 51.66236541235796, 47.50789408087881, 46.861498055439924, 50.32891812864648, 53.81449618829484, 57.62811813689564, 55.758407437802596, 55.21775076911409, 50.0, 57.38466694161429, 50.32891812864648, 48.60041152089147, 58.60034129593445, 51.73973328110612, 47.01063709417264, 56.586217403180434, 52.49761899362675, 46.22769732530488, 53.075418038862395, 47.50789408087881, 56.586217403180434, 46.22769732530488, 48.83646178829912, 2.0, 5.0, 10.770329614269007, 6.082762530298219, 10.44030650891055, 0.0, 5.830951894845301, 5.830951894845301, 12.529964086141668, 9.219544457292887, 6.4031242374328485, 4.123105625617661, 2.8284271247461903, 3.605551275463989, 12.165525060596439, 2.0, 9.055385138137417, 13.416407864998739, 8.94427190999916, 8.48528137423857, 5.0, 3.605551275463989, 10.44030650891055, 1.0, 10.816653826391969], [49.8196748283246, 39.6232255123179, 46.09772228646444, 41.773197148410844, 41.10960958218893, 44.598206241955516, 48.27007354458868, 51.85556864985669, 49.92995093127971, 49.4064773081425, 44.204072210600685, 51.66236541235796, 44.82186966202994, 42.80186911806539, 52.80151512977634, 46.22769732530488, 41.23105625617661, 50.91168824543142, 46.75467891024384, 40.45985664828782, 47.38143096192854, 41.773197148410844, 50.99019513592785, 40.45985664828782, 43.278170016764804, 4.242640687119285, 6.082762530298219, 5.0990195135927845, 5.0, 7.810249675906654, 5.830951894845301, 0.0, 2.8284271247461903, 10.816653826391969, 6.4031242374328485, 1.0, 6.082762530298219, 5.830951894845301, 5.385164807134504, 8.602325267042627, 4.242640687119285, 5.656854249492381, 11.40175425099138, 3.1622776601683795, 9.055385138137417, 1.0, 7.0, 5.0, 6.4031242374328485, 5.0], [49.57822102496216, 39.824615503479755, 45.967379738244816, 42.01190307520001, 41.400483088968905, 44.82186966202994, 48.104053883222775, 52.20153254455275, 50.60632371551998, 49.92995093127971, 44.654227123532216, 51.85556864985669, 44.598206241955516, 43.266615305567875, 53.25410782277739, 46.010868281309364, 41.617304093369626, 50.99019513592785, 47.01063709417264, 40.80441152620633, 47.50789408087881, 42.01190307520001, 50.91168824543142, 40.80441152620633, 43.139309220245984, 5.0990195135927845, 8.06225774829855, 7.0710678118654755, 2.23606797749979, 10.63014581273465, 5.830951894845301, 2.8284271247461903, 0.0, 13.601470508735444, 9.219544457292887, 2.23606797749979, 4.123105625617661, 7.0710678118654755, 7.0, 11.40175425099138, 5.0990195135927845, 8.48528137423857, 14.212670403551895, 5.0990195135927845, 11.40175425099138, 2.23606797749979, 5.385164807134504, 7.280109889280518, 6.708203932499369, 6.082762530298219], [54.120236510939236, 42.720018726587654, 50.11985634456667, 44.654227123532216, 43.829214001622255, 47.43416490252569, 52.354560450833695, 54.037024344425184, 50.91168824543142, 50.99019513592785, 46.22769732530488, 54.405882034941776, 49.193495504995376, 44.82186966202994, 54.56189146281496, 50.53711507397311, 43.60045871318328, 54.08326913195984, 49.4064773081425, 43.01162633521314, 50.47771785649585, 44.654227123532216, 54.70831746635972, 43.01162633521314, 47.41307836451879, 10.816653826391969, 7.615773105863909, 10.04987562112089, 15.620499351813308, 3.1622776601683795, 12.529964086141668, 10.816653826391969, 13.601470508735444, 0.0, 4.47213595499958, 11.661903789690601, 15.620499351813308, 9.848857801796104, 8.94427190999916, 4.123105625617661, 10.816653826391969, 5.385164807134504, 1.0, 10.44030650891055, 5.0, 11.40175425099138, 15.811388300841896, 9.055385138137417, 12.083045973594572, 12.165525060596439], [51.62363799656123, 40.607881008493905, 47.70744176750625, 42.638011210655684, 41.86884283091664, 45.45327270945405, 49.92995093127971, 52.3450093132096, 49.678969393496885, 49.51767361255979, 44.553338819890925, 52.49761899362675, 46.647615158762406, 43.139309220245984, 53.03772242470448, 48.02082881417188, 41.773197148410844, 52.009614495783374, 47.50789408087881, 41.10960958218893, 48.41487374764082, 42.638011210655684, 52.43090691567332, 41.10960958218893, 44.94441010848846, 7.280109889280518, 5.0990195135927845, 6.082762530298219, 11.313708498984761, 1.4142135623730951, 9.219544457292887, 6.4031242374328485, 9.219544457292887, 4.47213595499958, 0.0, 7.211102550927978, 11.661903789690601, 7.0, 6.0, 3.0, 7.280109889280518, 1.0, 5.0, 6.082762530298219, 5.0, 7.0710678118654755, 12.083045973594572, 5.0990195135927845, 9.055385138137417, 8.0], [49.040799340956916, 38.948684188300895, 45.34313619501854, 41.10960958218893, 40.45985664828782, 43.93176527297759, 47.50789408087881, 51.22499389946279, 49.39635614091387, 48.82622246293481, 43.60045871318328, 50.99019513592785, 44.04543109109048, 42.20189569201838, 52.20153254455275, 45.45327270945405, 40.607881008493905, 50.20956084253277, 46.09772228646444, 39.824615503479755, 46.69047011971501, 41.10960958218893, 50.24937810560445, 39.824615503479755, 42.5205832509386, 5.0, 7.0710678118654755, 5.0, 4.47213595499958, 8.602325267042627, 6.4031242374328485, 1.0, 2.23606797749979, 11.661903789690601, 7.211102550927978, 0.0, 6.0, 6.708203932499369, 6.324555320336759, 9.219544457292887, 5.0, 6.4031242374328485, 12.206555615733702, 3.0, 10.04987562112089, 1.4142135623730951, 7.0710678118654755, 5.0990195135927845, 7.0710678118654755, 4.47213595499958], [53.03772242470448, 43.60045871318328, 49.51767361255979, 45.803929962395145, 45.221676218380054, 48.60041152089147, 51.62363799656123, 56.0357029044876, 54.589376255824725, 53.85164807134504, 48.54894437575342, 55.60575509783138, 48.08326112068523, 47.16990566028302, 57.14017850864661, 49.49747468305833, 45.48626166217664, 54.67174773134658, 50.80354318352215, 44.654227123532216, 51.22499389946279, 45.803929962395145, 54.48853090330111, 44.654227123532216, 46.69047011971501, 5.0, 8.602325267042627, 11.0, 2.8284271247461903, 13.038404810405298, 4.123105625617661, 6.082762530298219, 4.123105625617661, 15.620499351813308, 11.661903789690601, 6.0, 0.0, 6.708203932499369, 7.211102550927978, 14.317821063276353, 5.0, 11.180339887498949, 16.401219466856727, 9.0, 12.206555615733702, 5.0990195135927845, 1.4142135623730951, 11.045361017187261, 5.0990195135927845, 10.198039027185569], [55.60575509783138, 45.254833995939045, 51.85556864985669, 47.38143096192854, 46.69047011971501, 50.20956084253277, 54.037024344425184, 57.38466694161429, 55.21775076911409, 54.817880294662984, 49.678969393496885, 57.28001396647874, 50.60632371551998, 48.27007354458868, 58.25804665451803, 52.009614495783374, 46.75467891024384, 56.586217403180434, 52.3450093132096, 46.010868281309364, 53.03772242470448, 47.38143096192854, 56.72741841473134, 46.010868281309364, 49.040799340956916, 2.0, 2.23606797749979, 10.0, 8.06225774829855, 8.06225774829855, 2.8284271247461903, 5.830951894845301, 7.0710678118654755, 9.848857801796104, 7.0, 6.708203932499369, 6.708203932499369, 0.0, 1.0, 10.0, 2.0, 7.0710678118654755, 10.770329614269007, 8.48528137423857, 5.656854249492381, 5.385164807134504, 6.4031242374328485, 9.433981132056603, 2.23606797749979, 10.63014581273465], [55.0, 44.553338819890925, 51.22499389946279, 46.66904755831214, 45.967379738244816, 49.49747468305833, 53.41348144429457, 56.639209034025185, 54.405882034941776, 54.037024344425184, 48.91829923454004, 56.568542494923804, 50.0, 47.50789408087881, 57.48912940721924, 51.40038910358559, 46.010868281309364, 55.90169943749474, 51.62363799656123, 45.27692569068709, 52.3450093132096, 46.66904755831214, 56.08029957123981, 45.27692569068709, 48.41487374764082, 2.23606797749979, 1.4142135623730951, 9.219544457292887, 8.246211251235321, 7.0710678118654755, 3.605551275463989, 5.385164807134504, 7.0, 8.94427190999916, 6.0, 6.324555320336759, 7.211102550927978, 1.0, 0.0, 9.0, 2.23606797749979, 6.082762530298219, 9.848857801796104, 7.810249675906654, 5.0, 5.0990195135927845, 7.0710678118654755, 8.602325267042627, 3.1622776601683795, 10.0], [50.11985634456667, 38.8329756778952, 46.14108798023731, 40.80441152620633, 40.0, 43.60045871318328, 48.373546489791295, 50.32891812864648, 47.4236228055175, 47.38143096192854, 42.5205832509386, 50.60632371551998, 45.17742799230607, 41.10960958218893, 50.93132631298737, 46.52956049652737, 39.824615503479755, 50.21951811795888, 45.60701700396552, 39.20459156782532, 46.61544808322666, 40.80441152620633, 50.774009099144415, 39.20459156782532, 43.41658669218482, 10.198039027185569, 8.06225774829855, 6.324555320336759, 13.601470508735444, 2.23606797749979, 12.165525060596439, 8.602325267042627, 11.40175425099138, 4.123105625617661, 3.0, 9.219544457292887, 14.317821063276353, 10.0, 9.0, 0.0, 10.198039027185569, 3.1622776601683795, 4.0, 7.211102550927978, 7.211102550927978, 9.433981132056603, 14.866068747318506, 5.385164807134504, 12.041594578792296, 8.54400374531753], [54.037024344425184, 43.86342439892262, 50.32891812864648, 46.010868281309364, 45.34313619501854, 48.83646178829912, 52.49761899362675, 56.08029957123981, 54.08326913195984, 53.600373133029585, 48.41487374764082, 55.9016994