O=[[29.732137494637012, 26.076809620810597, 16.278820596099706, 25.0, 29.017236257093817, 30.0, 38.47076812334269, 27.018512172212592, 43.657759905886145, 43.86342439892262, 36.013886210738214, 35.6931365951495, 36.87817782917155, 37.44329045369811, 26.832815729997478, 31.76476034853718, 30.805843601498726, 26.92582403567252, 34.88552708502482, 35.22782990761707, 30.14962686336267, 32.14031735997639, 30.01666203960727, 37.57658845611187, 38.0, 21.213203435596427, 21.37755832643195, 43.657759905886145, 31.78049716414141, 44.10215414239989, 41.773197148410844, 44.64302857109943, 41.19465984809196, 28.178005607210743, 23.40939982143925, 25.96150997149434, 39.81205847478876, 40.049968789001575, 26.1725046566048, 32.64965543462902, 22.561028345356956, 44.553338819890925, 31.0, 39.81205847478876, 37.12142238654117, 37.48332962798263, 22.02271554554524, 24.041630560342615, 27.018512172212592, 27.459060435491963], [33.54101966249684, 27.073972741361768, 28.319604517012593, 34.0, 38.01315561749642, 38.48376280978771, 44.14748010928823, 26.019223662515376, 46.010868281309364, 45.044422518220834, 43.657759905886145, 41.0, 41.773197148410844, 36.345563690772494, 29.274562336608895, 33.015148038438355, 30.066592756745816, 32.28002478313795, 36.0, 34.23448553724738, 39.824615503479755, 39.21734310225516, 38.07886552931954, 39.0, 45.880278987817846, 5.385164807134504, 5.0990195135927845, 32.01562118716424, 15.132745950421556, 29.120439557122072, 28.178005607210743, 31.906112267087632, 25.019992006393608, 20.12461179749811, 6.708203932499369, 9.219544457292887, 29.732137494637012, 25.0, 12.806248474865697, 23.853720883753127, 11.661903789690601, 30.463092423455635, 15.811388300841896, 29.732137494637012, 22.47220505424423, 21.02379604162864, 8.48528137423857, 13.892443989449804, 12.529964086141668, 14.866068747318506], [48.104053883222775, 41.10960958218893, 52.392747589718944, 54.08326913195984, 57.201398584300364, 57.0087712549569, 58.05170109479997, 38.2099463490856, 54.91812087098393, 52.478567053607705, 60.14149981501958, 55.17245689653489, 55.226805085936306, 43.266615305567875, 43.93176527297759, 44.598206241955516, 40.36087214122113, 49.040799340956916, 46.22769732530488, 42.20189569201838, 59.405386961116584, 55.97320787662612, 56.22277118748239, 48.60041152089147, 62.24146527838174, 24.08318915758459, 24.020824298928627, 20.396078054371138, 14.142135623730951, 8.06225774829855, 13.601470508735444, 17.11724276862369, 4.123105625617661, 26.90724809414742, 23.194827009486403, 20.09975124224178, 23.769728648009426, 8.602325267042627, 20.615528128088304, 25.612496949731394, 25.079872407968907, 12.041594578792296, 14.866068747318506, 23.769728648009426, 11.313708498984761, 8.06225774829855, 23.769728648009426, 25.059928172283335, 18.973665961010276, 20.591260281974], [8.06225774829855, 13.0, 25.495097567963924, 17.204650534085253, 16.15549442140351, 14.866068747318506, 8.54400374531753, 14.317821063276353, 6.082762530298219, 6.4031242374328485, 13.038404810405298, 7.0, 6.082762530298219, 8.06225774829855, 11.180339887498949, 7.0710678118654755, 10.770329614269007, 11.40175425099138, 4.47213595499958, 8.48528137423857, 17.72004514666935, 11.40175425099138, 13.92838827718412, 2.23606797749979, 14.317821063276353, 38.63935817272331, 39.6232255123179, 33.60059523282288, 45.31004303683677, 43.86342439892262, 38.18376618407357, 37.013511046643494, 47.43416490252569, 24.596747752497688, 43.73785545725808, 43.41658669218482, 28.42534080710379, 42.01190307520001, 34.17601498127012, 25.0, 31.04834939252005, 41.036569057366385, 38.91015291668744, 28.42534080710379, 39.408120990476064, 47.01063709417264, 34.92849839314596, 29.410882339705484, 36.40054944640259, 32.69556544854363], [6.4031242374328485, 1.0, 18.384776310850235, 14.142135623730951, 16.15549442140351, 15.652475842498529, 17.0, 3.605551275463989, 18.027756377319946, 17.46424919657298, 18.384776310850235, 13.892443989449804, 14.317821063276353, 10.63014581273465, 2.23606797749979, 5.0990195135927845, 4.47213595499958, 7.615773105863909, 8.246211251235321, 8.48528137423857, 18.384776310850235, 14.212670403551895, 14.7648230602334, 11.180339887498949, 20.518284528683193, 26.92582403567252, 27.892651361962706, 28.160255680657446, 34.48187929913333, 36.05551275463989, 30.886890422961002, 31.016124838541646, 38.18376618407357, 14.866068747318506, 32.01562118716424, 31.953090617340916, 22.80350850198276, 33.421549934136806, 23.323807579381203, 17.0, 19.697715603592208, 34.0, 28.600699292150182, 22.80350850198276, 30.479501308256342, 37.013511046643494, 23.40939982143925, 18.35755975068582, 25.553864678361276, 22.20360331117452]]
C=[[0.0, 7.211102550927978, 17.69180601295413, 10.44030650891055, 11.045361017187261, 10.198039027185569, 10.770329614269007, 9.899494936611665, 13.92838827718412, 14.422205101855956, 12.041594578792296, 7.615773105863909, 8.246211251235321, 11.40175425099138, 4.47213595499958, 5.0, 8.54400374531753, 3.605551275463989, 6.708203932499369, 10.04987562112089, 13.152946437965905, 8.06225774829855, 9.219544457292887, 8.48528137423857, 14.142135623730951, 32.89376840679705, 33.83784863137726, 33.61547262794322, 40.8166632639171, 42.20189569201838, 36.89173349139343, 36.6742416417845, 44.553338819890925, 21.213203435596427, 37.94733192202055, 38.07886552931954, 28.231188426986208, 39.698866482558415, 29.68164415931166, 23.021728866442675, 25.942243542145693, 39.96248240537617, 35.0, 28.231188426986208, 36.796738985948195, 43.41658669218482, 29.546573405388315, 24.698178070456937, 31.906112267087632, 28.600699292150182], [7.211102550927978, 0.0, 18.027756377319946, 14.317821063276353, 16.55294535724685, 16.1245154965971, 17.88854381999832, 3.1622776601683795, 19.026297590440446, 18.439088914585774, 19.1049731745428, 14.7648230602334, 15.231546211727817, 11.40175425099138, 2.8284271247461903, 6.082762530298219, 5.0, 8.06225774829855, 9.219544457292887, 9.219544457292887, 18.788294228055936, 14.866068747318506, 15.264337522473747, 12.165525060596439, 21.2602916254693, 25.96150997149434, 26.92582403567252, 27.892651361962706, 33.61547262794322, 35.510561809129406, 30.4138126514911, 30.675723300355934, 37.48332962798263, 14.212670403551895, 31.04834939252005, 31.016124838541646, 22.561028345356956, 32.802438933713454, 22.47220505424423, 16.55294535724685, 18.788294228055936, 33.54101966249684, 27.80287754891569, 22.561028345356956, 29.832867780352597, 36.235341863986875, 22.47220505424423, 17.4928556845359, 24.698178070456937, 21.400934559032695], [17.69180601295413, 18.027756377319946, 0.0, 9.486832980505138, 13.152946437965905, 14.317821063276353, 23.769728648009426, 20.615528128088304, 30.805843601498726, 31.89043743820395, 20.396078054371138, 21.470910553583888, 22.825424421026653, 28.30194339616981, 17.0, 21.633307652783937, 22.847319317591726, 14.142135623730951, 24.20743687382041, 26.419689627245813, 14.0, 17.08800749063506, 14.560219778561036, 26.1725046566048, 22.20360331117452, 30.610455730027933, 31.240998703626616, 44.01136216933077, 41.048751503547585, 48.76474136094644, 44.721359549995796, 46.17358552246078, 48.33218389437829, 28.160255680657446, 34.655446902326915, 36.235341863986875, 39.01281840626232, 45.221676218380054, 31.78049716414141, 32.01562118716424, 27.313000567495326, 47.853944456021594, 37.57658845611187, 39.01281840626232, 42.05948168962618, 45.65084884205331, 29.154759474226502, 27.51363298439521, 33.54101966249684, 31.953090617340916], [10.44030650891055, 14.317821063276353, 9.486832980505138, 0.0, 4.123105625617661, 5.0, 14.317821063276353, 17.46424919657298, 21.93171219946131, 23.430749027719962, 11.045361017187261, 12.206555615733702, 13.601470508735444, 21.840329667841555, 12.041594578792296, 15.297058540778355, 18.0, 7.0710678118654755, 17.08800749063506, 20.396078054371138, 5.830951894845301, 7.615773105863909, 5.0990195135927845, 18.35755975068582, 13.0, 35.0, 35.805027579936315, 42.20189569201838, 44.553338819890925, 49.193495504995376, 44.384682042344295, 44.9221548904324, 50.21951811795888, 27.730849247724095, 39.66106403010388, 40.607881008493905, 36.87817782917155, 46.14108798023731, 34.058772731852805, 30.675723300355934, 29.732137494637012, 47.53945729601885, 39.824615503479755, 36.87817782917155, 43.04648650006177, 48.27007354458868, 32.55764119219941, 29.206163733020468, 36.124783736376884, 33.60059523282288], [11.045361017187261, 16.55294535724685, 13.152946437965905, 4.123105625617661, 0.0, 1.4142135623730951, 11.40175425099138, 19.697715603592208, 20.0, 21.95449840010015, 7.280109889280518, 10.0, 11.40175425099138, 22.090722034374522, 13.92838827718412, 16.0312195418814, 19.4164878389476, 8.54400374531753, 17.11724276862369, 21.0, 2.23606797749979, 5.0, 2.23606797749979, 17.72004514666935, 9.055385138137417, 38.8329756778952, 39.66106403010388, 44.27188724235731, 48.16637831516918, 51.97114584074513, 46.95742752749558, 47.16990566028302, 53.41348144429457, 30.528675044947494, 43.56604182158393, 44.40720662234904, 38.897300677553446, 49.09175083453431, 37.48332962798263, 33.1058907144937, 33.24154027718932, 50.08991914547278, 43.18564576337837, 38.897300677553446, 46.04345773288535, 51.66236541235796, 36.235341863986875, 32.55764119219941, 39.59797974644666, 36.87817782917155], [10.198039027185569, 16.1245154965971, 14.317821063276353, 5.0, 1.4142135623730951, 0.0, 10.0, 19.235384061671343, 18.601075237738275, 20.591260281974, 6.082762530298219, 8.602325267042627, 10.0, 21.02379604162864, 13.416407864998739, 15.132745950421556, 18.681541692269406, 8.06225774829855, 16.0312195418814, 20.024984394500787, 3.0, 3.605551275463989, 1.0, 16.492422502470642, 8.0, 39.11521443121589, 39.96248240537617, 43.657759905886145, 48.27007354458868, 51.62363799656123, 46.52956049652737, 46.61544808322666, 53.2634959423431, 30.23243291566195, 43.9089968002003, 44.654227123532216, 38.27531841800928, 48.82622246293481, 37.48332962798263, 32.64965543462902, 33.301651610693426, 49.64876634922564, 43.139309220245984, 38.27531841800928, 45.803929962395145, 51.62363799656123, 36.40054944640259, 32.526911934581186, 39.6232255123179, 36.796738985948195], [10.770329614269007, 17.88854381999832, 23.769728648009426, 14.317821063276353, 11.40175425099138, 10.0, 0.0, 20.248456731316587, 9.486832980505138, 12.165525060596439, 5.385164807134504, 3.1622776601683795, 2.8284271247461903, 16.55294535724685, 15.231546211727817, 13.45362404707371, 17.69180601295413, 12.041594578792296, 12.206555615733702, 16.64331697709324, 12.041594578792296, 6.708203932499369, 9.433981132056603, 10.770329614269007, 6.0, 43.657759905886145, 44.598206241955516, 41.88078318274385, 51.478150704935004, 51.66236541235796, 46.09772228646444, 45.221676218380054, 54.67174773134658, 31.400636936215164, 48.703182647543684, 48.84669896727925, 36.61966684720111, 49.51767361255979, 40.311288741492746, 32.526911934581186, 36.6742416417845, 49.040799340956916, 45.48626166217664, 36.61966684720111, 46.75467891024384, 53.823786563191554, 40.311288741492746, 35.35533905932738, 42.5440947723653, 39.11521443121589], [9.899494936611665, 3.1622776601683795, 20.615528128088304, 17.46424919657298, 19.697715603592208, 19.235384061671343, 20.248456731316587, 0.0, 20.09975124224178, 19.026297590440446, 21.93171219946131, 17.204650534085253, 17.4928556845359, 10.770329614269007, 5.830951894845301, 7.280109889280518, 4.123105625617661, 11.180339887498949, 10.04987562112089, 8.54400374531753, 21.93171219946131, 17.804493814764857, 18.35755975068582, 13.038404810405298, 24.041630560342615, 24.331050121192877, 25.317977802344327, 24.73863375370596, 31.304951684997057, 32.449961479175904, 27.294688127912362, 27.51363298439521, 34.655446902326915, 11.313708498984761, 29.427877939124322, 29.120439557122072, 19.4164878389476, 29.832867780352597, 20.12461179749811, 13.416407864998739, 16.76305461424021, 30.4138126514911, 25.238858928247925, 19.4164878389476, 26.90724809414742, 33.60059523282288, 20.615528128088304, 15.231546211727817, 22.360679774997898, 18.867962264113206], [13.92838827718412, 19.026297590440446, 30.805843601498726, 21.93171219946131, 20.0, 18.601075237738275, 9.486832980505138, 20.09975124224178, 0.0, 3.1622776601683795, 14.866068747318506, 10.0, 8.602325267042627, 11.661903789690601, 17.26267650163207, 13.0, 16.278820596099706, 17.0, 10.04987562112089, 13.0, 21.095023109728988, 15.0, 17.804493814764857, 7.0710678118654755, 15.297058540778355, 44.40720662234904, 45.39823785126467, 36.76955262170047, 50.59644256269407, 47.80167361086848, 42.01190307520001, 40.311288741492746, 51.97114584074513, 29.732137494637012, 49.49747468305833, 49.03060268852505, 31.89043743820395, 46.32493928760188, 39.56008088970496, 29.5296461204668, 36.6742416417845, 44.68780594300866, 44.01136216933077, 31.89043743820395, 43.9089968002003, 51.894122981316485, 40.607881008493905, 34.92849839314596, 41.7612260356422, 37.94733192202055], [14.422205101855956, 18.439088914585774, 31.89043743820395, 23.430749027719962, 21.95449840010015, 20.591260281974, 12.165525060596439, 19.026297590440446, 3.1622776601683795, 0.0, 17.46424919657298, 12.083045973594572, 10.770329614269007, 9.486832980505138, 17.08800749063506, 12.36931687685298, 15.0, 17.804493814764857, 9.219544457292887, 11.180339887498949, 23.259406699226016, 17.0, 19.72308292331602, 6.324555320336759, 18.110770276274835, 43.104524124504614, 44.10215414239989, 33.97057550292606, 48.76474136094644, 45.221676218380054, 39.408120990476064, 37.53664875824692, 49.64876634922564, 27.892651361962706, 48.16637831516918, 47.51841748206689, 29.206163733020468, 43.9089968002003, 37.8549864614954, 27.313000567495326, 35.22782990761707, 42.01190307520001, 42.05948168962618, 29.206163733020468, 41.593268686170845, 49.76946855251722, 39.20459156782532, 33.37663853655727, 40.024992192379, 36.138621999185304], [12.041594578792296, 19.1049731745428, 20.396078054371138, 11.045361017187261, 7.280109889280518, 6.082762530298219, 5.385164807134504, 21.93171219946131, 14.866068747318506, 17.46424919657298, 0.0, 6.082762530298219, 7.0, 20.615528128088304, 16.278820596099706, 16.1245154965971, 20.248456731316587, 11.661903789690601, 15.811388300841896, 20.248456731316587, 7.211102550927978, 4.47213595499958, 6.0, 15.132745950421556, 2.23606797749979, 43.829214001622255, 44.721359549995796, 45.17742799230607, 52.43090691567332, 54.20332093147061, 48.82622246293481, 48.373546489791295, 56.568542494923804, 33.24154027718932, 48.75448697299562, 49.24428900898052, 39.824615503479755, 51.73973328110612, 41.400483088968905, 35.0, 37.44329045369811, 51.86520991955976, 46.861498055439924, 39.824615503479755, 48.83646178829912, 55.31726674375732, 40.8166632639171, 36.40054944640259, 43.60045871318328, 40.45985664828782], [7.615773105863909, 14.7648230602334, 21.470910553583888, 12.206555615733702, 10.0, 8.602325267042627, 3.1622776601683795, 17.204650534085253, 10.0, 12.083045973594572, 6.082762530298219, 0.0, 1.4142135623730951, 14.560219778561036, 12.083045973594572, 10.63014581273465, 14.866068747318506, 9.0, 9.848857801796104, 14.317821063276353, 11.180339887498949, 5.0, 7.810249675906654, 9.055385138137417, 7.615773105863909, 40.496913462633174, 41.43669871020132, 39.44616584663204, 48.373546489791295, 48.91829923454004, 43.41658669218482, 42.720018726587654, 51.73973328110612, 28.42534080710379, 45.5411901469428, 45.69463863518345, 34.132096331752024, 46.66904755831214, 37.21558813185679, 29.732137494637012, 33.54101966249684, 46.400431032480725, 42.43819034784589, 34.132096331752024, 43.86342439892262, 50.80354318352215, 37.16180835212409, 32.2490309931942, 39.44616584663204, 36.05551275463989], [8.246211251235321, 15.231546211727817, 22.825424421026653, 13.601470508735444, 11.40175425099138, 10.0, 2.8284271247461903, 17.4928556845359, 8.602325267042627, 10.770329614269007, 7.0, 1.4142135623730951, 0.0, 13.92838827718412, 12.649110640673518, 10.63014581273465, 14.866068747318506, 10.04987562112089, 9.433981132056603, 13.892443989449804, 12.529964086141668, 6.4031242374328485, 9.219544457292887, 8.246211251235321, 8.246211251235321, 41.10960958218893, 42.05948168962618, 39.11521443121589, 48.76474136094644, 48.83646178829912, 43.278170016764804, 42.43819034784589, 51.85556864985669, 28.600699292150182, 46.17358552246078, 46.238512086787566, 33.83784863137726, 46.69047011971501, 37.589892258425, 29.698484809834994, 34.0147027033899, 46.22769732530488, 42.720018726587654, 33.83784863137726, 43.93176527297759, 51.03920062069938, 37.69615364994153, 32.64965543462902, 39.824615503479755, 36.359317925395686], [11.40175425099138, 11.40175425099138, 28.30194339616981, 21.840329667841555, 22.090722034374522, 21.02379604162864, 16.55294535724685, 10.770329614269007, 11.661903789690601, 9.486832980505138, 20.615528128088304, 14.560219778561036, 13.92838827718412, 0.0, 11.40175425099138, 6.708203932499369, 6.708203932499369, 14.866068747318506, 5.0, 2.23606797749979, 24.020824298928627, 18.027756377319946, 20.024984394500787, 5.830951894845301, 22.135943621178654, 34.0, 35.0, 25.612496949731394, 39.293765408777, 36.235341863986875, 30.479501308256342, 29.068883707497267, 40.311288741492746, 18.439088914585774, 39.01281840626232, 38.2099463490856, 20.518284528683193, 34.66987164671943, 28.442925306655784, 17.88854381999832, 26.019223662515376, 33.24154027718932, 32.57299494980466, 20.518284528683193, 32.2490309931942, 40.311288741492746, 30.01666203960727, 24.08318915758459, 30.59411708155671, 26.68332812825267], [4.47213595499958, 2.8284271247461903, 17.0, 12.041594578792296, 13.92838827718412, 13.416407864998739, 15.231546211727817, 5.830951894845301, 17.26267650163207, 17.08800749063506, 16.278820596099706, 12.083045973594572, 12.649110640673518, 11.40175425099138, 0.0, 5.0, 6.082762530298219, 5.385164807134504, 8.06225774829855, 9.433981132056603, 16.15549442140351, 12.041594578792296, 12.529964086141668, 10.770329614269007, 18.439088914585774, 28.460498941515414, 29.410882339705484, 30.364452901377952, 36.359317925395686, 38.27531841800928, 33.12099032335839, 33.24154027718932, 40.311288741492746, 17.029386365926403, 33.52610922848042, 33.61547262794322, 25.0, 35.608987629529715, 25.238858928247925, 19.235384061671343, 21.470910553583888, 36.235341863986875, 30.610455730027933, 25.0, 32.64965543462902, 39.05124837953327, 25.079872407968907, 20.248456731316587, 27.459060435491963, 24.20743687382041], [5.0, 6.082762530298219, 21.633307652783937, 15.297058540778355, 16.0312195418814, 15.132745950421556, 13.45362404707371, 7.280109889280518, 13.0, 12.36931687685298, 16.1245154965971, 10.63014581273465, 10.63014581273465, 6.708203932499369, 5.0, 0.0, 4.242640687119285, 8.246211251235321, 3.1622776601683795, 5.0990195135927845, 18.110770276274835, 12.649110640673518, 14.142135623730951, 6.082762530298219, 18.027756377319946, 31.575306807693888, 32.55764119219941, 29.068883707497267, 38.48376280978771, 38.28837943815329, 32.802438933713454, 32.2490309931942, 41.23105625617661, 18.027756377319946, 36.6742416417845, 36.40054944640259, 23.706539182259394, 36.069377593742864, 27.313000567495326, 19.1049731745428, 24.041630560342615, 35.805027579936315, 32.2490309931942, 23.706539182259394, 33.301651610693426, 40.496913462633174, 27.892651361962706, 22.47220505424423, 29.546573405388315, 25.942243542145693], [8.54400374531753, 5.0, 22.847319317591726, 18.0, 19.4164878389476, 18.681541692269406, 17.69180601295413, 4.123105625617661, 16.278820596099706, 15.0, 20.248456731316587, 14.866068747318506, 14.866068747318506, 6.708203932499369, 6.082762530298219, 4.242640687119285, 0.0, 11.045361017187261, 6.324555320336759, 4.47213595499958, 21.587033144922902, 16.55294535724685, 17.72004514666935, 9.219544457292887, 22.20360331117452, 28.160255680657446, 29.154759474226502, 25.079872407968907, 34.539832078341085, 34.058772731852805, 28.600699292150182, 28.178005607210743, 37.013511046643494, 13.892443989449804, 33.24154027718932, 32.7566787083184, 19.697715603592208, 31.827660925679098, 23.40939982143925, 14.866068747318506, 20.396078054371138, 31.622776601683793, 28.178005607210743, 19.697715603592208, 29.068883707497267, 36.359317925395686, 24.331050121192877, 18.681541692269406, 25.632011235952593, 21.93171219946131], [3.605551275463989, 8.06225774829855, 14.142135623730951, 7.0710678118654755, 8.54400374531753, 8.06225774829855, 12.041594578792296, 11.180339887498949, 17.0, 17.804493814764857, 11.661903789690601, 9.0, 10.04987562112089, 14.866068747318506, 5.385164807134504, 8.246211251235321, 11.045361017187261, 0.0, 10.295630140987, 13.341664064126334, 10.770329614269007, 7.211102550927978, 7.211102550927978, 12.041594578792296, 13.892443989449804, 32.202484376209235, 33.1058907144937, 35.73513677041127, 40.80441152620633, 43.56604182158393, 38.47076812334269, 38.62641583165593, 45.34313619501854, 22.20360331117452, 37.16180835212409, 37.589892258425, 30.364452901377952, 40.80441152620633, 29.832867780352597, 24.596747752497688, 25.80697580112788, 41.593268686170845, 35.38361202590826, 30.364452901377952, 37.8021163428716, 43.86342439892262, 29.154759474226502, 24.839484696748443, 32.01562118716424, 29.0], [6.708203932499369, 9.219544457292887, 24.20743687382041, 17.08800749063506, 17.11724276862369, 16.0312195418814, 12.206555615733702, 10.04987562112089, 10.04987562112089, 9.219544457292887, 15.811388300841896, 9.848857801796104, 9.433981132056603, 5.0, 8.06225774829855, 3.1622776601683795, 6.324555320336759, 10.295630140987, 0.0, 4.47213595499958, 19.026297590440446, 13.038404810405298, 15.033296378372908, 3.0, 17.46424919657298, 34.36568055487916, 35.35533905932738, 29.68164415931166, 40.85339643163099, 39.59797974644666, 33.97057550292606, 33.015148038438355, 43.01162633521314, 20.12461179749811, 39.45883931389772, 39.05124837953327, 24.413111231467404, 37.64306044943742, 29.732137494637012, 20.615528128088304, 26.68332812825267, 36.87817782917155, 34.438350715445125, 24.413111231467404, 35.0, 42.5440947723653, 30.59411708155671, 25.0, 31.953090617340916, 28.231188426986208], [10.04987562112089, 9.219544457292887, 26.419689627245813, 20.396078054371138, 21.0, 20.024984394500787, 16.64331697709324, 8.54400374531753, 13.0, 11.180339887498949, 20.248456731316587, 14.317821063276353, 13.892443989449804, 2.23606797749979, 9.433981132056603, 5.0990195135927845, 4.47213595499958, 13.341664064126334, 4.47213595499958, 0.0, 23.021728866442675, 17.26267650163207, 19.026297590440446, 6.4031242374328485, 21.93171219946131, 32.01562118716424, 33.015148038438355, 25.238858928247925, 37.64306044943742, 35.38361202590826, 29.698484809834994, 28.600699292150182, 39.11521443121589, 16.76305461424021, 37.05401462729781, 36.345563690772494, 20.0, 33.60059523282288, 26.68332812825267, 16.64331697709324, 24.08318915758459, 32.55764119219941, 31.016124838541646, 20.0, 31.064449134018133, 38.91015291668744, 28.071337695236398, 22.20360331117452, 28.861739379323623, 25.0], [13.152946437965905, 18.788294228055936, 14.0, 5.830951894845301, 2.23606797749979, 3.0, 12.041594578792296, 21.93171219946131, 21.095023109728988, 23.259406699226016, 7.211102550927978, 11.180339887498949, 12.529964086141668, 24.020824298928627, 16.15549442140351, 18.110770276274835, 21.587033144922902, 10.770329614269007, 19.026297590440446, 23.021728866442675, 0.0, 6.324555320336759, 4.0, 19.4164878389476, 8.54400374531753, 40.80441152620633, 41.617304093369626, 46.486557196677836, 50.24937810560445, 54.20332093147061, 49.193495504995376, 49.39635614091387, 55.60575509783138, 32.7566787083184, 45.48626166217664, 46.400431032480725, 41.10960958218893, 51.31276644267, 39.6232255123179, 35.34119409414458, 35.35533905932738, 52.32590180780452, 45.34313619501854, 41.10960958218893, 48.25971404805462, 53.81449618829484, 38.28837943815329, 34.713109915419565, 41.72529209005013, 39.05124837953327], [8.06225774829855, 14.866068747318506, 17.08800749063506, 7.615773105863909, 5.0, 3.605551275463989, 6.708203932499369, 17.804493814764857, 15.0, 17.0, 4.47213595499958, 5.0, 6.4031242374328485, 18.027756377319946, 12.041594578792296, 12.649110640673518, 16.55294535724685, 7.211102550927978, 13.038404810405298, 17.26267650163207, 6.324555320336759, 0.0, 2.8284271247461903, 13.152946437965905, 6.708203932499369, 39.35733730830886, 40.24922359499622, 41.6293165929973, 48.010415536631214, 50.21951811795888, 44.94441010848846, 44.721359549995796, 52.3450093132096, 29.068883707497267, 44.28317965096906, 44.77722635447622, 36.24913792078372, 47.634021455258214, 37.013511046643494, 31.064449134018133, 33.015148038438355, 48.02082881417188, 42.5205832509386, 36.24913792078372, 44.68780594300866, 50.99019513592785, 36.359317925395686, 32.01562118716424, 39.20459156782532, 36.124783736376884], [9.219544457292887, 15.264337522473747, 14.560219778561036, 5.0990195135927845, 2.23606797749979, 1.0, 9.433981132056603, 18.35755975068582, 17.804493814764857, 19.72308292331602, 6.0, 7.810249675906654, 9.219544457292887, 20.024984394500787, 12.529964086141668, 14.142135623730951, 17.72004514666935, 7.211102550927978, 15.033296378372908, 19.026297590440446, 4.0, 2.8284271247461903, 0.0, 15.524174696260024, 8.06225774829855, 38.58756276314948, 39.44616584663204, 42.720018726587654, 47.634021455258214, 50.774009099144415, 45.65084884205331, 45.69463863518345, 52.49761899362675, 29.410882339705484, 43.41658669218482, 44.10215414239989, 37.33630940518894, 48.010415536631214, 36.796738985948195, 31.76476034853718, 32.64965543462902, 48.76474136094644, 42.42640687119285, 37.33630940518894, 45.0, 50.91168824543142, 35.805027579936315, 31.827660925679098, 38.948684188300895, 36.069377593742864], [8.48528137423857, 12.165525060596439, 26.1725046566048, 18.35755975068582, 17.72004514666935, 16.492422502470642, 10.770329614269007, 13.038404810405298, 7.0710678118654755, 6.324555320336759, 15.132745950421556, 9.055385138137417, 8.246211251235321, 5.830951894845301, 10.770329614269007, 6.082762530298219, 9.219544457292887, 12.041594578792296, 3.0, 6.4031242374328485, 19.4164878389476, 13.152946437965905, 15.524174696260024, 0.0, 16.492422502470642, 37.33630940518894, 38.3275357934736, 31.400636936215164, 43.657759905886145, 41.773197148410844, 36.069377593742864, 34.828149534535996, 45.48626166217664, 22.847319317591726, 42.42640687119285, 41.97618372363071, 26.248809496813376, 40.0, 32.57299494980466, 23.021728866442675, 29.614185789921695, 38.897300677553446, 37.16180835212409, 26.248809496813376, 37.44329045369811, 45.17742799230607, 33.54101966249684, 27.892651361962706, 34.785054261852174, 31.016124838541646], [14.142135623730951, 21.2602916254693, 22.20360331117452, 13.0, 9.055385138137417, 8.0, 6.0, 24.041630560342615, 15.297058540778355, 18.110770276274835, 2.23606797749979, 7.615773105863909, 8.246211251235321, 22.135943621178654, 18.439088914585774, 18.027756377319946, 22.20360331117452, 13.892443989449804, 17.46424919657298, 21.93171219946131, 8.54400374531753, 6.708203932499369, 8.06225774829855, 16.492422502470642, 0.0, 46.06517122512408, 46.95742752749558, 47.01063709417264, 54.644304369257, 56.22277118748239, 50.80354318352215, 50.24937810560445, 58.69412236331676, 35.35533905932738, 50.99019513592785, 51.478150704935004, 41.677331968349414, 53.81449618829484, 43.60045871318328, 37.013511046643494, 39.66106403010388, 53.823786563191554, 49.040799340956916, 41.677331968349414, 50.93132631298737, 57.48912940721924, 43.04648650006177, 38.600518131237564, 45.803929962395145, 42.638011210655684], [32.89376840679705, 25.96150997149434, 30.610455730027933, 35.0, 38.8329756778952, 39.11521443121589, 43.657759905886145, 24.331050121192877, 44.40720662234904, 43.104524124504614, 43.829214001622255, 40.496913462633174, 41.10960958218893, 34.0, 28.460498941515414, 31.575306807693888, 28.160255680657446, 32.202484376209235, 34.36568055487916, 32.01562118716424, 40.80441152620633, 39.35733730830886, 38.58756276314948, 37.33630940518894, 46.06517122512408, 0.0, 1.0, 26.90724809414742, 10.770329614269007, 23.769728648009426, 22.825424421026653, 26.627053911388696, 20.024984394500787, 16.492422502470642, 5.0990195135927845, 5.656854249492381, 25.0, 19.6468827043885, 7.810249675906654, 19.697715603592208, 8.06225774829855, 25.079872407968907, 10.44030650891055, 25.0, 17.08800749063506, 16.278820596099706, 4.123105625617661, 10.198039027185569, 7.211102550927978, 10.0], [33.83784863137726, 26.92582403567252, 31.240998703626616, 35.805027579936315, 39.66106403010388, 39.96248240537617, 44.598206241955516, 25.317977802344327, 45.39823785126467, 44.10215414239989, 44.721359549995796, 41.43669871020132, 42.05948168962618, 35.0, 29.410882339705484, 32.55764119219941, 29.154759474226502, 33.1058907144937, 35.35533905932738, 33.015148038438355, 41.617304093369626, 40.24922359499622, 39.44616584663204, 38.3275357934736, 46.95742752749558, 1.0, 0.0, 27.586228448267445, 10.44030650891055, 24.041630560342615, 23.323807579381203, 27.202941017470888, 20.0, 17.46424919657298, 4.123105625617661, 5.0, 25.80697580112788, 19.924858845171276, 8.602325267042627, 20.615528128088304, 9.055385138137417, 25.495097567963924, 10.770329614269007, 25.80697580112788, 17.46424919657298, 16.1245154965971, 5.0990195135927845, 11.180339887498949, 7.810249675906654, 10.816653826391969], [33.61547262794322, 27.892651361962706, 44.01136216933077, 42.20189569201838, 44.27188724235731, 43.657759905886145, 41.88078318274385, 24.73863375370596, 36.76955262170047, 33.97057550292606, 45.17742799230607, 39.44616584663204, 39.11521443121589, 25.612496949731394, 30.364452901377952, 29.068883707497267, 25.079872407968907, 35.73513677041127, 29.68164415931166, 25.238858928247925, 46.486557196677836, 41.6293165929973, 42.720018726587654, 31.400636936215164, 47.01063709417264, 26.90724809414742, 27.586228448267445, 0.0, 24.166091947189145, 12.36931687685298, 7.0, 3.605551275463989, 19.0, 16.1245154965971, 29.832867780352597, 27.202941017470888, 5.385164807134504, 13.038404810405298, 19.209372712298546, 12.0, 21.470910553583888, 8.54400374531753, 18.027756377319946, 5.385164807134504, 12.649110640673518, 21.37755832643195, 23.600847442411894, 19.697715603592208, 19.79898987322333, 17.204650534085253], [40.8166632639171, 33.61547262794322, 41.048751503547585, 44.553338819890925, 48.16637831516918, 48.27007354458868, 51.478150704935004, 31.304951684997057, 50.59644256269407, 48.76474136094644, 52.43090691567332, 48.373546489791295, 48.76474136094644, 39.293765408777, 36.359317925395686, 38.48376280978771, 34.539832078341085, 40.80441152620633, 40.85339643163099, 37.64306044943742, 50.24937810560445, 48.010415536631214, 47.634021455258214, 43.657759905886145, 54.644304369257, 10.770329614269007, 10.44030650891055, 24.166091947189145, 0.0, 16.401219466856727, 18.027756377319946, 22.47220505424423, 10.44030650891055, 20.8806130178211, 9.055385138137417, 6.0, 24.515301344262525, 12.727922061357855, 11.180339887498949, 22.090722034374522, 15.0, 19.1049731745428, 7.0, 24.515301344262525, 11.661903789690601, 6.082762530298219, 12.041594578792296, 16.1245154965971, 8.94427190999916, 12.649110640673518], [42.20189569201838, 35.510561809129406, 48.76474136094644, 49.193495504995376, 51.97114584074513, 51.62363799656123, 51.66236541235796, 32.449961479175904, 47.80167361086848, 45.221676218380054, 54.20332093147061, 48.91829923454004, 48.83646178829912, 36.235341863986875, 38.27531841800928, 38.28837943815329, 34.058772731852805, 43.56604182158393, 39.59797974644666, 35.38361202590826, 54.20332093147061, 50.21951811795888, 50.774009099144415, 41.773197148410844, 56.22277118748239, 23.769728648009426, 24.041630560342615, 12.36931687685298, 16.401219466856727, 0.0, 5.830951894845301, 9.055385138137417, 7.615773105863909, 21.470910553583888, 24.596747752497688, 21.470910553583888, 16.1245154965971, 4.123105625617661, 18.0, 19.209372712298546, 22.090722034374522, 4.0, 13.341664064126334, 16.1245154965971, 7.0, 11.40175425099138, 22.090722034374522, 21.37755832643195, 17.11724276862369, 17.11724276862369], [36.89173349139343, 30.4138126514911, 44.721359549995796, 44.384682042344295, 46.95742752749558, 46.52956049652737, 46.09772228646444, 27.294688127912362, 42.01190307520001, 39.408120990476064, 48.82622246293481, 43.41658669218482, 43.278170016764804, 30.479501308256342, 33.12099032335839, 32.802438933713454, 28.600699292150182, 38.47076812334269, 33.97057550292606, 29.698484809834994, 49.193495504995376, 44.94441010848846, 45.65084884205331, 36.069377593742864, 50.80354318352215, 22.825424421026653, 23.323807579381203, 7.0, 18.027756377319946, 5.830951894845301, 0.0, 4.47213595499958, 12.0, 16.76305461424021, 24.839484696748443, 21.93171219946131, 10.295630140987, 6.082762530298219, 15.811388300841896, 13.892443989449804, 19.235384061671343, 3.1622776601683795, 12.806248474865697, 10.295630140987, 6.4031242374328485, 14.560219778561036, 20.248456731316587, 18.027756377319946, 15.652475842498529, 14.317821063276353], [36.6742416417845, 30.675723300355934, 46.17358552246078, 44.9221548904324, 47.16990566028302, 46.61544808322666, 45.221676218380054, 27.51363298439521, 40.311288741492746, 37.53664875824692, 48.373546489791295, 42.720018726587654, 42.43819034784589, 29.068883707497267, 33.24154027718932, 32.2490309931942, 28.178005607210743, 38.62641583165593, 33.015148038438355, 28.600699292150182, 49.39635614091387, 44.721359549995796, 45.69463863518345, 34.828149534535996, 50.24937810560445, 26.627053911388696, 27.202941017470888, 3.605551275463989, 22.47220505424423, 9.055385138137417, 4.47213595499958, 0.0, 16.1245154965971, 18.027756377319946, 29.0, 26.1725046566048, 8.602325267042627, 10.44030650891055, 19.235384061671343, 14.317821063276353, 22.135943621178654, 5.0990195135927845, 16.97056274847714, 8.602325267042627, 10.816653826391969, 18.973665961010276, 23.706539182259394, 20.615528128088304, 19.4164878389476, 17.46424919657298], [44.553338819890925, 37.48332962798263, 48.33218389437829, 50.21951811795888, 53.41348144429457, 53.2634959423431, 54.67174773134658, 34.655446902326915, 51.97114584074513, 49.64876634922564, 56.568542494923804, 51.73973328110612, 51.85556864985669, 40.311288741492746, 40.311288741492746, 41.23105625617661, 37.013511046643494, 45.34313619501854, 43.01162633521314, 39.11521443121589, 55.60575509783138, 52.3450093132096, 52.49761899362675, 45.48626166217664, 58.69412236331676, 20.024984394500787, 20.0, 19.0, 10.44030650891055, 7.615773105863909, 12.0, 16.1245154965971, 0.0, 23.345235059857504, 19.4164878389476, 16.278820596099706, 21.587033144922902, 6.082762530298219, 16.55294535724685, 22.47220505424423, 21.02379604162864, 11.40175425099138, 10.770329614269007, 21.587033144922902, 8.06225774829855, 4.47213595499958, 19.6468827043885, 21.095023109728988, 14.866068747318506, 16.64331697709324], [21.213203435596427, 14.212670403551895, 28.160255680657446, 27.730849247724095, 30.528675044947494, 30.23243291566195, 31.400636936215164, 11.313708498984761, 29.732137494637012, 27.892651361962706, 33.24154027718932, 28.42534080710379, 28.600699292150182, 18.439088914585774, 17.029386365926403, 18.027756377319946, 13.892443989449804, 22.20360331117452, 20.12461179749811, 16.76305461424021, 32.7566787083184, 29.068883707497267, 29.410882339705484, 22.847319317591726, 35.35533905932738, 16.492422502470642, 17.46424919657298, 16.1245154965971, 20.8806130178211, 21.470910553583888, 16.76305461424021, 18.027756377319946, 23.345235059857504, 0.0, 21.213203435596427, 20.0, 11.704699910719626, 18.601075237738275, 10.04987562112089, 4.47213595499958, 8.54400374531753, 19.924858845171276, 14.317821063276353, 11.704699910719626, 15.620499351813308, 22.47220505424423, 12.36931687685298, 6.324555320336759, 12.165525060596439, 8.246211251235321], [37.94733192202055, 31.04834939252005, 34.655446902326915, 39.66106403010388, 43.56604182158393, 43.9089968002003, 48.703182647543684, 29.427877939124322, 49.49747468305833, 48.16637831516918, 48.75448697299562, 45.5411901469428, 46.17358552246078, 39.01281840626232, 33.52610922848042, 36.6742416417845, 33.24154027718932, 37.16180835212409, 39.45883931389772, 37.05401462729781, 45.48626166217664, 44.28317965096906, 43.41658669218482, 42.42640687119285, 50.99019513592785, 5.0990195135927845, 4.123105625617661, 29.832867780352597, 9.055385138137417, 24.596747752497688, 24.839484696748443, 29.0, 19.4164878389476, 21.213203435596427, 0.0, 3.1622776601683795, 28.653097563788805, 20.591260281974, 11.704699910719626, 24.041630560342615, 13.0, 26.627053911388696, 12.041594578792296, 28.653097563788805, 18.601075237738275, 15.132745950421556, 9.0, 15.033296378372908, 10.295630140987, 13.92838827718412], [38.07886552931954, 31.016124838541646, 36.235341863986875, 40.607881008493905, 44.40720662234904, 44.654227123532216, 48.84669896727925, 29.120439557122072, 49.03060268852505, 47.51841748206689, 49.24428900898052, 45.69463863518345, 46.238512086787566, 38.2099463490856, 33.61547262794322, 36.40054944640259, 32.7566787083184, 37.589892258425, 39.05124837953327, 36.345563690772494, 46.400431032480725, 44.77722635447622, 44.10215414239989, 41.97618372363071, 51.478150704935004, 5.656854249492381, 5.0, 27.202941017470888, 6.0, 21.470910553583888, 21.93171219946131, 26.1725046566048, 16.278820596099706, 20.0, 3.1622776601683795, 0.0, 26.40075756488817, 17.4928556845359, 10.04987562112089, 22.360679774997898, 12.36931687685298, 23.600847442411894, 9.219544457292887, 26.40075756488817, 15.620499351813308, 12.041594578792296, 8.54400374531753, 14.142135623730951, 8.246211251235321, 12.165525060596439], [28.231188426986208, 22.561028345356956, 39.01281840626232, 36.87817782917155, 38.897300677553446, 38.27531841800928, 36.61966684720111, 19.4164878389476, 31.89043743820395, 29.206163733020468, 39.824615503479755, 34.132096331752024, 33.83784863137726, 20.518284528683193, 25.0, 23.706539182259394, 19.697715603592208, 30.364452901377952, 24.413111231467404, 20.0, 41.10960958218893, 36.24913792078372, 37.33630940518894, 26.248809496813376, 41.677331968349414, 25.0, 25.80697580112788, 5.385164807134504, 24.515301344262525, 16.1245154965971, 10.295630140987, 8.602325267042627, 21.587033144922902, 11.704699910719626, 28.653097563788805, 26.40075756488817, 0.0, 15.524174696260024, 17.204650534085253, 7.280109889280518, 18.439088914585774, 12.806248474865697, 17.72004514666935, 0.0, 14.035668847618199, 23.021728866442675, 21.2602916254693, 16.401219466856727, 18.35755975068582, 15.0], [39.698866482558415, 32.802438933713454, 45.221676218380054, 46.14108798023731, 49.09175083453431, 48.82622246293481, 49.51767361255979, 29.832867780352597, 46.32493928760188, 43.9089968002003, 51.73973328110612, 46.66904755831214, 46.69047011971501, 34.66987164671943, 35.608987629529715, 36.069377593742864, 31.827660925679098, 40.80441152620633, 37.64306044943742, 33.60059523282288, 51.31276644267, 47.634021455258214, 48.010415536631214, 40.0, 53.81449618829484, 19.6468827043885, 19.924858845171276, 13.038404810405298, 12.727922061357855, 4.123105625617661, 6.082762530298219, 10.44030650891055, 6.082762530298219, 18.601075237738275, 20.591260281974, 17.4928556845359, 15.524174696260024, 0.0, 14.035668847618199, 17.029386365926403, 18.24828759089466, 6.4031242374328485, 9.219544457292887, 15.524174696260024, 3.1622776601683795, 8.54400374531753, 18.027756377319946, 17.72004514666935, 13.038404810405298, 13.341664064126334], [29.68164415931166, 22.47220505424423, 31.78049716414141, 34.058772731852805, 37.48332962798263, 37.48332962798263, 40.311288741492746, 20.12461179749811, 39.56008088970496, 37.8549864614954, 41.400483088968905, 37.21558813185679, 37.589892258425, 28.442925306655784, 25.238858928247925, 27.313000567495326, 23.40939982143925, 29.832867780352597, 29.732137494637012, 26.68332812825267, 39.6232255123179, 37.013511046643494, 36.796738985948195, 32.57299494980466, 43.60045871318328, 7.810249675906654, 8.602325267042627, 19.209372712298546, 11.180339887498949, 18.0, 15.811388300841896, 19.235384061671343, 16.55294535724685, 10.04987562112089, 11.704699910719626, 10.0498