O=[[46.09772228646444, 40.85339643163099, 43.18564576337837, 39.45883931389772, 44.294469180700204, 41.593268686170845, 44.91102314577124, 39.20459156782532, 42.04759208325728, 25.317977802344327, 26.40075756488817, 13.45362404707371, 18.973665961010276, 24.08318915758459, 24.758836806279895, 23.53720459187964, 11.40175425099138, 38.07886552931954, 19.313207915827967, 34.828149534535996, 28.0, 33.28663395418648, 35.4682957019364, 37.05401462729781, 35.4682957019364, 5.830951894845301, 13.038404810405298, 26.570660511172846, 17.0, 15.033296378372908, 37.33630940518894, 25.059928172283335, 21.633307652783937, 6.082762530298219, 14.212670403551895, 32.57299494980466, 30.528675044947494, 25.179356624028344, 23.600847442411894, 16.64331697709324, 40.0, 39.6232255123179, 35.608987629529715, 24.041630560342615, 12.529964086141668, 7.0710678118654755, 26.68332812825267, 20.396078054371138, 32.14031735997639, 32.64965543462902, 15.132745950421556, 10.44030650891055, 19.4164878389476, 23.0, 44.68780594300866, 41.23105625617661, 25.238858928247925, 19.4164878389476, 34.713109915419565, 42.05948168962618, 35.90264614203248, 25.238858928247925, 26.40075756488817, 46.22769732530488, 29.614185789921695, 33.61547262794322, 1.4142135623730951, 10.0, 37.48332962798263, 39.66106403010388, 39.0, 21.02379604162864, 24.041630560342615, 21.37755832643195, 5.656854249492381], [56.04462507680822, 53.48831648126533, 66.85057965343307, 58.180752831155424, 52.630789467763066, 59.481089431852205, 70.60453243241541, 63.60031446463138, 72.13875518748573, 61.1310068623117, 58.008620049092706, 48.75448697299562, 28.635642126552707, 50.35871324805669, 18.027756377319946, 45.45327270945405, 43.56604182158393, 67.89698078707183, 41.43669871020132, 12.206555615733702, 13.416407864998739, 30.59411708155671, 49.658836071740545, 60.802960454241045, 69.06518659932803, 41.78516483155236, 27.018512172212592, 22.847319317591726, 19.4164878389476, 23.021728866442675, 73.38937252763509, 57.201398584300364, 37.20215047547655, 33.54101966249684, 43.01162633521314, 3.605551275463989, 8.94427190999916, 59.682493245507096, 59.033888572581766, 50.24937810560445, 45.12205669071391, 41.593268686170845, 41.7612260356422, 53.907327887774215, 23.769728648009426, 35.35533905932738, 10.0, 16.1245154965971, 53.823786563191554, 63.89053137985315, 41.86884283091664, 31.064449134018133, 50.00999900019995, 35.73513677041127, 78.00640999302557, 53.14132102234569, 21.93171219946131, 55.362442142665635, 58.69412236331676, 8.54400374531753, 20.024984394500787, 29.068883707497267, 42.720018726587654, 41.048751503547585, 63.28506932918696, 65.00769185258002, 36.68787265568828, 31.622776601683793, 6.708203932499369, 10.04987562112089, 3.605551275463989, 57.0087712549569, 33.61547262794322, 20.615528128088304, 34.0], [62.80127387243033, 57.201398584300364, 47.43416490252569, 50.93132631298737, 62.68173577685928, 53.03772242470448, 45.65084884205331, 44.204072210600685, 36.40054944640259, 6.0, 16.55294535724685, 21.587033144922902, 43.04648650006177, 26.627053911388696, 52.80151512977634, 40.70626487409524, 28.861739379323623, 34.88552708502482, 32.55764119219941, 63.56099432828282, 59.135437767890075, 60.63827174318213, 52.69724850502159, 43.93176527297759, 24.351591323771842, 26.019223662515376, 40.85339643163099, 56.22277118748239, 47.53945729601885, 46.09772228646444, 9.848857801796104, 26.1725046566048, 45.221676218380054, 33.52610922848042, 26.627053911388696, 63.56099432828282, 60.40695324215582, 9.219544457292887, 15.620499351813308, 24.166091947189145, 61.71709649683789, 63.15853069855251, 58.180752831155424, 30.610455730027933, 43.174066289845804, 31.953090617340916, 57.87054518492115, 51.62363799656123, 44.04543109109048, 29.68164415931166, 34.785054261852174, 36.76955262170047, 21.213203435596427, 41.10960958218893, 30.066592756745816, 58.008620049092706, 51.478150704935004, 12.0, 31.04834939252005, 72.11102550927978, 66.12110101926616, 52.952809179494906, 46.51881339845203, 71.5122367151245, 10.198039027185569, 17.0, 30.4138126514911, 39.05124837953327, 68.73136110975832, 69.07966415668217, 69.6419413859206, 13.0, 49.72926703662542, 52.0, 35.0], [60.8276253029822, 57.723478758647246, 69.35416353759881, 61.465437442517235, 57.55866572463264, 62.96824596572466, 72.71863585079137, 65.86349520030045, 73.10950690573696, 58.309518948453004, 53.46026561849464, 47.43416490252569, 23.0, 45.0, 12.0, 47.50789408087881, 43.18564576337837, 68.8839603971781, 36.0, 4.47213595499958, 18.027756377319946, 36.013886210738214, 53.45091205957107, 63.13477647065839, 68.76772498781678, 39.96248240537617, 23.08679276123039, 27.294688127912362, 17.204650534085253, 23.600847442411894, 71.11258679024411, 57.28001396647874, 39.81205847478876, 30.463092423455635, 38.63935817272331, 8.246211251235321, 3.605551275463989, 56.04462507680822, 57.688820407423826, 49.678969393496885, 50.24937810560445, 47.042533945356304, 46.52956049652737, 54.56189146281496, 21.633307652783937, 31.953090617340916, 12.36931687685298, 16.64331697709324, 56.356011214421486, 64.38167441127949, 42.638011210655684, 27.202941017470888, 45.5411901469428, 29.427877939124322, 77.89736837660179, 57.48912940721924, 15.297058540778355, 52.80151512977634, 52.61178575186362, 8.246211251235321, 26.68332812825267, 32.984845004941285, 45.69463863518345, 47.51841748206689, 59.22837157984339, 60.207972893961475, 34.48187929913333, 31.89043743820395, 14.422205101855956, 5.656854249492381, 7.615773105863909, 55.072679252057455, 37.0, 23.40939982143925, 33.301651610693426], [47.16990566028302, 45.17742799230607, 60.207972893961475, 50.80354318352215, 43.657759905886145, 51.86520991955976, 64.35060217278468, 57.28001396647874, 67.20119046564577, 61.29437168288782, 60.67124524847005, 47.29693436154187, 34.0, 54.405882034941776, 24.839484696748443, 39.824615503479755, 41.10960958218893, 63.00793600809346, 45.880278987817846, 21.93171219946131, 8.246211251235321, 21.540659228538015, 41.88078318274385, 54.45181356024793, 65.7419196555744, 41.30375285612676, 30.364452901377952, 15.556349186104045, 21.840329667841555, 21.213203435596427, 72.56721022610694, 53.665631459994955, 31.240998703626616, 35.22782990761707, 45.89117562233506, 9.433981132056603, 17.204650534085253, 61.00819617067857, 57.28001396647874, 47.75981574503821, 36.05551275463989, 32.28002478313795, 33.1058907144937, 49.73932046178355, 25.317977802344327, 37.33630940518894, 10.770329614269007, 16.1245154965971, 47.38143096192854, 59.682493245507096, 38.01315561749642, 33.95585369269929, 52.773099207835045, 41.677331968349414, 74.30343195303969, 44.721359549995796, 29.068883707497267, 55.326304774492215, 63.694583757176716, 18.027756377319946, 10.04987562112089, 21.93171219946131, 36.069377593742864, 31.0, 65.12296062065974, 67.89698078707183, 37.013511046643494, 29.120439557122072, 4.123105625617661, 20.223748416156685, 13.0, 56.089214649520635, 26.870057685088806, 16.15549442140351, 32.55764119219941], [57.77542730261716, 52.55473337388365, 38.41874542459709, 44.721359549995796, 58.52349955359813, 46.52956049652737, 35.35533905932738, 36.05551275463989, 24.839484696748443, 17.4928556845359, 31.622776601683793, 26.0, 54.48853090330111, 41.14608122288197, 63.00793600809346, 39.20459156782532, 32.01562118716424, 24.839484696748443, 45.803929962395145, 73.49829930005184, 64.8459713474939, 62.00806399170998, 49.040799340956916, 36.71511950137164, 13.601470508735444, 33.12099032335839, 50.80354318352215, 59.841457201508724, 55.94640292279746, 52.20153254455275, 6.082762530298219, 22.20360331117452, 46.010868281309364, 43.01162633521314, 39.05124837953327, 71.17583859709698, 69.46221994724903, 23.769728648009426, 15.811388300841896, 25.495097567963924, 59.43904440685432, 61.814237842102365, 56.71860364994893, 27.294688127912362, 51.478150704935004, 42.01190307520001, 65.0, 58.69412236331676, 39.21734310225516, 21.470910553583888, 36.22154055254967, 47.01063709417264, 34.9857113690718, 54.037024344425184, 15.811388300841896, 53.48831648126533, 62.48199740725323, 21.213203435596427, 46.32493928760188, 81.00617260431454, 69.87131027825369, 55.226805085936306, 45.27692569068709, 70.71067811865476, 25.495097567963924, 32.14031735997639, 38.58756276314948, 43.965895873961216, 75.27283706623525, 78.54934754662193, 77.82030583337487, 18.027756377319946, 51.03920062069938, 57.0087712549569, 40.85339643163099], [67.0, 63.12685640834652, 71.78439941937245, 65.30696746902278, 64.03124237432849, 67.08203932499369, 74.46475676452586, 68.00735254367721, 73.06161783043132, 52.69724850502159, 45.221676218380054, 44.68780594300866, 14.7648230602334, 35.6931365951495, 7.280109889280518, 50.0, 42.190046219457976, 68.96375859826666, 26.92582403567252, 8.54400374531753, 26.570660511172846, 43.93176527297759, 58.309518948453004, 65.45991139621256, 66.84309986827361, 36.87817782917155, 18.439088914585774, 34.52535300326414, 17.46424919657298, 26.30589287593181, 66.03029607687671, 56.302753041036986, 43.56604182158393, 26.1725046566048, 31.304951684997057, 19.209372712298546, 11.40175425099138, 49.193495504995376, 54.45181356024793, 48.010415536631214, 57.21887800367987, 54.589376255824725, 53.08483775994799, 54.589376255824725, 20.615528128088304, 26.90724809414742, 20.248456731316587, 21.02379604162864, 59.20304046246274, 63.812224534175265, 43.46262762420146, 21.93171219946131, 37.69615364994153, 19.1049731745428, 76.05918747922567, 63.071388124885914, 6.4031242374328485, 47.80167361086848, 42.01190307520001, 18.681541692269406, 36.6742416417845, 39.05124837953327, 49.64876634922564, 56.61271941887264, 51.62363799656123, 51.419840528729765, 31.240998703626616, 32.89376840679705, 26.1725046566048, 14.317821063276353, 19.72308292331602, 50.99019513592785, 42.04759208325728, 29.068883707497267, 32.64965543462902], [77.52418977325722, 72.069410986909, 69.85699678629192, 69.07966415668217, 76.00657866263946, 71.30918594402827, 69.87131027825369, 65.96969000988257, 63.0317380372777, 29.427877939124322, 14.560219778561036, 35.4400902933387, 26.92582403567252, 8.06225774829855, 37.656340767525464, 54.120236510939236, 39.81205847478876, 60.207972893961475, 14.7648230602334, 47.095647357266465, 54.120236510939236, 64.4437739428721, 66.73080248281148, 64.5600495662759, 52.08646657242167, 31.76476034853718, 30.4138126514911, 56.4003546088143, 38.91015291668744, 43.60045871318328, 40.85339643163099, 47.67598976424087, 53.600373133029585, 28.319604517012593, 17.804493814764857, 53.16013544000805, 46.87216658103186, 22.561028345356956, 39.01281840626232, 40.52159917870962, 72.00694410957877, 71.58910531638176, 67.62396025078685, 49.72926703662542, 36.359317925395686, 26.1725046566048, 49.76946855251722, 45.17742799230607, 61.465437442517235, 54.230987451824994, 45.65084884205331, 27.459060435491963, 14.560219778561036, 20.09975124224178, 59.682493245507096, 72.56031973468694, 34.23448553724738, 29.017236257093817, 3.1622776601683795, 57.21887800367987, 64.1404708432983, 56.586217403180434, 57.982756057296896, 77.79460135510689, 21.02379604162864, 16.278820596099706, 30.610455730027933, 41.773197148410844, 60.08327554319921, 53.08483775994799, 56.88585061331157, 34.0147027033899, 55.97320787662612, 50.21951811795888, 37.64306044943742], [66.52818951391959, 60.876925020897694, 54.62600113499065, 56.0357029044876, 65.76473218982953, 58.249463516842795, 53.75872022286245, 50.99019513592785, 45.70557952810576, 11.045361017187261, 4.47213595499958, 22.627416997969522, 33.83784863137726, 14.866068747318506, 44.384682042344295, 43.139309220245984, 29.206163733020468, 43.41658669218482, 21.95449840010015, 55.08175741568164, 54.45181356024793, 59.50630218724736, 55.86591089385369, 50.11985634456667, 34.132096331752024, 23.259406699226016, 33.24154027718932, 53.45091205957107, 41.012193308819754, 41.773197148410844, 21.93171219946131, 32.202484376209235, 45.48626166217664, 27.018512172212592, 17.46424919657298, 57.07889277132134, 52.773099207835045, 4.123105625617661, 22.135943621178654, 27.018512172212592, 63.41135544995076, 64.07027391856539, 59.405386961116584, 35.510561809129406, 37.013511046643494, 25.0, 52.009614495783374, 46.09772228646444, 48.60041152089147, 37.64306044943742, 35.608987629529715, 29.154759474226502, 10.770329614269007, 30.528675044947494, 41.10960958218893, 61.554853586049575, 42.37924020083418, 13.038404810405298, 19.235384061671343, 64.32728814430156, 62.81719509815764, 51.478150704935004, 48.27007354458868, 71.69379331573968, 3.1622776601683795, 7.810249675906654, 25.709920264364882, 36.40054944640259, 63.00793600809346, 60.876925020897694, 62.51399843235114, 17.46424919657298, 49.24428900898052, 48.27007354458868, 31.953090617340916], [59.682493245507096, 54.20332093147061, 42.5205832509386, 47.20169488482379, 59.941638282582836, 49.20365840057018, 40.22437072223753, 39.59797974644666, 30.4138126514911, 9.899494936611665, 23.40939982143925, 22.090722034374522, 47.80167361086848, 33.12099032335839, 56.938563381947034, 38.897300677553446, 29.0, 29.410882339705484, 38.28837943815329, 67.60177512462228, 61.0, 60.40695324215582, 50.08991914547278, 39.698866482558415, 18.35755975068582, 28.160255680657446, 44.77722635447622, 57.0350769263968, 50.695167422546305, 48.05205510693585, 3.605551275463989, 22.825424421026653, 44.553338819890925, 37.12142238654117, 31.827660925679098, 66.40783086353596, 63.97655820689325, 15.652475842498529, 13.341664064126334, 23.194827009486403, 59.80802621722272, 61.68468205316454, 56.61271941887264, 27.730849247724095, 46.238512086787566, 35.84689665786984, 60.440052945046304, 54.120236510939236, 40.8166632639171, 24.758836806279895, 34.23448553724738, 40.8166632639171, 27.202941017470888, 46.69047011971501, 23.194827009486403, 55.072679252057455, 56.0357029044876, 14.7648230602334, 38.07886552931954, 75.64390259630977, 67.06713054842886, 53.08483775994799, 44.9221548904324, 70.3420215802759, 17.26267650163207, 24.020824298928627, 33.24154027718932, 40.311288741492746, 71.06335201775947, 72.89718787443039, 72.80109889280519, 13.152946437965905, 49.36598018878993, 53.46026561849464, 36.6742416417845]]
C=[[0.0, 5.656854249492381, 23.021728866442675, 13.341664064126334, 3.605551275463989, 12.041594578792296, 28.071337695236398, 23.194827009486403, 37.21558813185679, 58.137767414994535, 68.24954212300622, 43.93176527297759, 61.39218191268331, 69.46221994724903, 60.03332407921454, 23.600847442411894, 38.01315561749642, 34.713109915419565, 65.39113089708727, 64.4980619863884, 42.95346318982906, 25.632011235952593, 10.816653826391969, 21.587033144922902, 44.598206241955516, 45.79301256742124, 54.3415126767741, 33.54101966249684, 50.15974481593781, 41.19465984809196, 61.29437168288782, 36.89173349139343, 25.0, 51.264022471905186, 59.941638282582836, 53.36665625650534, 58.42088667591412, 62.93647591023825, 47.20169488482379, 39.59797974644666, 11.180339887498949, 15.264337522473747, 14.317821063276353, 32.202484376209235, 48.662100242385755, 52.92447448959697, 48.507731342539614, 46.010868281309364, 18.867962264113206, 36.40054944640259, 31.906112267087632, 54.405882034941776, 63.51377803280167, 67.72001181334805, 48.662100242385755, 5.0, 63.198101237299845, 53.74011537017761, 79.92496481075234, 64.5600495662759, 37.57658845611187, 28.071337695236398, 19.697715603592208, 21.400934559032695, 67.88225099390856, 74.33034373659252, 47.4236228055175, 37.64306044943742, 51.264022471905186, 65.5133574166368, 59.481089431852205, 50.32891812864648, 25.079872407968907, 38.05259518088089, 40.85339643163099], [5.656854249492381, 0.0, 19.6468827043885, 9.055385138137417, 6.082762530298219, 8.54400374531753, 24.73863375370596, 19.026297590440446, 33.0, 52.49761899362675, 62.625873247404705, 38.28837943815329, 56.71860364994893, 64.00781202322104, 56.0357029044876, 18.027756377319946, 32.449961479175904, 30.14962686336267, 60.166435825965294, 61.18823416311342, 40.162171256046406, 23.853720883753127, 5.385164807134504, 17.029386365926403, 39.56008088970496, 40.311288741492746, 49.64876634922564, 30.675723300355934, 46.0, 37.0, 55.90169943749474, 31.38470965295043, 20.223748416156685, 46.17358552246078, 54.56189146281496, 50.59644256269407, 55.10898293381942, 57.28001396647874, 41.617304093369626, 33.94112549695428, 10.816653826391969, 15.0, 12.206555615733702, 26.627053911388696, 44.181444068749045, 47.75981574503821, 45.35416188179427, 42.2965719651132, 13.416407864998739, 31.32091952673165, 26.419689627245813, 49.47726750741192, 57.982756057296896, 62.81719509815764, 44.181444068749045, 1.0, 59.00847396772772, 48.08326112068523, 74.43117626371358, 62.03224967708329, 36.05551275463989, 24.73863375370596, 14.560219778561036, 22.847319317591726, 62.22539674441618, 68.6804193347711, 42.15447781671598, 32.7566787083184, 49.193495504995376, 62.6418390534633, 57.0087712549569, 44.68780594300866, 21.095023109728988, 34.52535300326414, 35.73513677041127], [23.021728866442675, 19.6468827043885, 0.0, 10.770329614269007, 25.317977802344327, 11.180339887498949, 5.0990195135927845, 4.0, 14.866068747318506, 44.294469180700204, 57.584720195551874, 34.52535300326414, 61.814237842102365, 62.16912416947821, 64.51356446515724, 21.93171219946131, 32.01562118716424, 13.601470508735444, 61.07372593840988, 72.01388754955533, 53.600373133029585, 40.607881008493905, 19.72308292331602, 6.324555320336759, 24.839484696748443, 40.01249804748511, 55.10898293381942, 44.68780594300866, 54.42425929675111, 46.09772228646444, 43.139309220245984, 22.47220505424423, 29.68164415931166, 49.25444142409901, 54.230987451824994, 63.51377803280167, 66.18912297349165, 50.566787519082126, 32.64965543462902, 29.427877939124322, 30.083217912982647, 34.0147027033899, 30.01666203960727, 20.223748416156685, 51.24451190127583, 50.08991914547278, 57.4543296888929, 52.773099207835045, 13.038404810405298, 17.804493814764857, 28.635642126552707, 53.46026561849464, 55.31726674375732, 66.12110101926616, 26.570660511172846, 20.615528128088304, 66.48308055437865, 41.78516483155236, 71.56814934033156, 75.16648189186454, 52.40229002629561, 38.28837943815329, 24.20743687382041, 42.37924020083418, 55.00909015790027, 62.16912416947821, 44.10215414239989, 38.897300677553446, 63.89053137985315, 74.79304780526061, 70.45565981523414, 37.16180835212409, 33.421549934136806, 46.32493928760188, 39.81205847478876], [13.341664064126334, 9.055385138137417, 10.770329614269007, 0.0, 15.0, 2.23606797749979, 15.811388300841896, 10.0, 24.020824298928627, 46.75467891024384, 58.309518948453004, 34.0, 57.0, 61.09828148156051, 58.05170109479997, 16.0312195418814, 29.410882339705484, 21.37755832643195, 58.463663928973865, 64.51356446515724, 44.77722635447622, 30.4138126514911, 9.219544457292887, 8.246211251235321, 31.38470965295043, 37.64306044943742, 50.00999900019995, 35.510561809129406, 47.853944456021594, 39.05124837953327, 48.54894437575342, 24.758836806279895, 21.840329667841555, 45.27692569068709, 52.20153254455275, 55.00909015790027, 58.52349955359813, 52.20153254455275, 35.35533905932738, 29.154759474226502, 19.313207915827967, 23.259406699226016, 19.4164878389476, 20.615528128088304, 45.27692569068709, 46.52956049652737, 49.24428900898052, 45.221676218380054, 7.615773105863909, 23.259406699226016, 24.331050121192877, 49.09175083453431, 54.62600113499065, 62.289646009589745, 35.35533905932738, 10.04987562112089, 60.530983801686226, 43.01162633521314, 71.17583859709698, 66.64833081180653, 42.44997055358225, 29.154759474226502, 15.811388300841896, 31.622776601683793, 57.0087712549569, 63.8200595424354, 40.607881008493905, 33.06055050963308, 54.644304369257, 66.70832032063167, 61.773780845922005, 39.05124837953327, 24.596747752497688, 38.07886552931954, 35.05709628591621], [3.605551275463989, 6.082762530298219, 25.317977802344327, 15.0, 0.0, 14.142135623730951, 30.4138126514911, 25.0, 39.01281840626232, 57.8013840664737, 67.26812023536856, 43.139309220245984, 58.9406481131655, 67.95586803212802, 57.14017850864661, 22.627416997969522, 36.87817782917155, 36.22154055254967, 63.50590523722971, 61.29437168288782, 39.6232255123179, 22.135943621178654, 10.0, 23.08679276123039, 45.60701700396552, 44.40720662234904, 51.92301994298868, 30.265491900843113, 47.38143096192854, 38.47076812334269, 61.741396161732524, 37.12142238654117, 22.847319317591726, 49.24428900898052, 58.309518948453004, 50.00999900019995, 55.226805085936306, 62.289646009589745, 47.16990566028302, 39.05124837953327, 7.615773105863909, 11.661903789690601, 11.045361017187261, 32.2490309931942, 46.09772228646444, 50.99019513592785, 45.27692569068709, 43.01162633521314, 19.313207915827967, 37.36308338453881, 30.610455730027933, 52.20153254455275, 62.20128616033595, 65.45991139621256, 50.24937810560445, 5.0990195135927845, 60.40695324215582, 53.150729063673246, 78.49203781276162, 61.1310068623117, 34.0147027033899, 25.0, 18.027756377319946, 18.027756377319946, 67.26812023536856, 73.53910524340094, 45.65084884205331, 35.4682957019364, 47.75981574503821, 62.16912416947821, 56.04462507680822, 50.0, 22.360679774997898, 35.0, 38.91015291668744], [12.041594578792296, 8.54400374531753, 11.180339887498949, 2.23606797749979, 14.142135623730951, 0.0, 16.278820596099706, 11.180339887498949, 25.179356624028344, 48.91829923454004, 60.53924347066124, 36.235341863986875, 59.00847396772772, 63.324560795950255, 59.841457201508724, 18.110770276274835, 31.622776601683793, 22.80350850198276, 60.63827174318213, 66.09841147864296, 46.06517122512408, 31.144823004794873, 10.0, 9.848857801796104, 33.1058907144937, 39.84971769034255, 52.0, 36.71511950137164, 49.64876634922564, 40.792156108742276, 50.47771785649585, 26.870057685088806, 23.53720459187964, 47.38143096192854, 54.405882034941776, 56.36488268416781, 60.08327554319921, 54.405882034941776, 37.48332962798263, 31.38470965295043, 19.235384061671343, 23.323807579381203, 19.849433241279208, 22.80350850198276, 47.16990566028302, 48.662100242385755, 50.695167422546305, 46.84015371452148, 9.848857801796104, 25.059928172283335, 26.476404589747453, 51.15662224971465, 56.859475903318, 64.38167441127949, 36.6742416417845, 9.486832980505138, 62.39390995922599, 45.221676218380054, 73.40980860893181, 67.97793759742936, 43.278170016764804, 30.4138126514911, 17.46424919657298, 31.38470965295043, 59.20304046246274, 66.03029607687671, 42.7551166528639, 35.014282800023196, 55.758407437802596, 68.15423684555495, 63.06346010171025, 41.23105625617661, 26.0, 39.56008088970496, 37.12142238654117], [28.071337695236398, 24.73863375370596, 5.0990195135927845, 15.811388300841896, 30.4138126514911, 16.278820596099706, 0.0, 7.0710678118654755, 10.816653826391969, 43.08131845707603, 57.0087712549569, 35.014282800023196, 63.788713735268246, 62.39390995922599, 67.23094525588644, 25.238858928247925, 33.54101966249684, 10.816653826391969, 62.03224967708329, 75.17978451685, 57.48912940721924, 45.221676218380054, 24.596747752497688, 9.899494936611665, 22.02271554554524, 41.19465984809196, 57.28001396647874, 48.79549159502341, 57.271284253105414, 49.24428900898052, 40.45985664828782, 22.20360331117452, 33.421549934136806, 50.99019513592785, 55.0, 67.20119046564577, 69.46221994724903, 49.64876634922564, 31.622776601683793, 30.0, 35.11409973215888, 39.0, 34.88552708502482, 21.095023109728988, 53.85164807134504, 51.62363799656123, 61.032778078668514, 56.08029957123981, 16.97056274847714, 16.15549442140351, 31.016124838541646, 55.31726674375732, 55.44366510251645, 67.60177512462228, 22.360679774997898, 25.709920264364882, 68.9492567037528, 41.23105625617661, 71.386273190299, 78.81624198095213, 56.85068161420758, 42.42640687119285, 28.284271247461902, 47.43416490252569, 53.85164807134504, 61.09828148156051, 45.70557952810576, 41.6293165929973, 67.94115100585212, 78.23042886243178, 74.2024258363566, 36.40054944640259, 37.48332962798263, 50.0, 42.05948168962618], [23.194827009486403, 19.026297590440446, 4.0, 10.0, 25.0, 11.180339887498949, 7.0710678118654755, 0.0, 14.035668847618199, 40.8166632639171, 53.85164807134504, 30.59411708155671, 57.87054518492115, 58.249463516842795, 60.74537019394976, 18.35755975068582, 28.0178514522438, 11.704699910719626, 57.07889277132134, 68.42514157822401, 50.44799302251776, 38.27531841800928, 18.027756377319946, 2.8284271247461903, 22.47220505424423, 36.013886210738214, 51.19570294468082, 41.72529209005013, 50.695167422546305, 42.485291572496, 40.45985664828782, 18.788294228055936, 26.40075756488817, 45.27692569068709, 50.24937810560445, 60.21627686929839, 62.64982043070834, 46.95742752749558, 29.154759474226502, 25.495097567963924, 28.861739379323623, 32.57299494980466, 28.231188426986208, 16.278820596099706, 47.43416490252569, 46.09772228646444, 54.08326913195984, 49.24428900898052, 9.899494936611665, 14.866068747318506, 24.73863375370596, 49.49747468305833, 51.419840528729765, 62.12889826803627, 25.495097567963924, 20.024984394500787, 62.6418390534633, 38.07886552931954, 67.72001181334805, 71.84705978674423, 49.8196748283246, 35.35533905932738, 21.213203435596427, 41.23105625617661, 51.478150704935004, 58.59180830116101, 40.11234224026316, 35.11409973215888, 60.876925020897694, 71.34423592694787, 67.20119046564577, 33.54101966249684, 30.4138126514911, 43.01162633521314, 35.90264614203248], [37.21558813185679, 33.0, 14.866068747318506, 24.020824298928627, 39.01281840626232, 25.179356624028344, 10.816653826391969, 14.035668847618199, 0.0, 34.713109915419565, 49.36598018878993, 30.083217912982647, 60.92618484691127, 56.0357029044876, 66.03786792439622, 27.459060435491963, 30.886890422961002, 4.242640687119285, 57.0701322935211, 75.0, 59.665735560705194, 50.15974481593781, 31.400636936215164, 16.0312195418814, 12.083045973594572, 37.33630940518894, 55.00909015790027, 51.86520991955976, 56.61271941887264, 49.57822102496216, 30.23243291566195, 17.08800749063506, 36.05551275463989, 47.92702786528704, 49.8196748283246, 68.59300255857006, 69.65629906907199, 41.593268686170845, 24.020824298928627, 25.632011235952593, 42.42640687119285, 45.89117562233506, 41.23105625617661, 18.601075237738275, 52.69724850502159, 48.104053883222775, 62.22539674441618, 56.639209034025185, 21.840329667841555, 9.486832980505138, 30.479501308256342, 52.392747589718944, 49.040799340956916, 63.60031446463138, 11.704699910719626, 34.0, 67.11929677819934, 34.0147027033899, 64.19501538281614, 79.93122043357026, 60.90155991434045, 45.79301256742124, 32.202484376209235, 54.74486277268398, 45.35416188179427, 52.630789467763066, 42.5440947723653, 41.23105625617661, 70.43436661176133, 78.74642849044012, 75.66372975210778, 29.017236257093817, 40.8166632639171, 51.73973328110612, 40.496913462633174], [58.137767414994535, 52.49761899362675, 44.294469180700204, 46.75467891024384, 57.8013840664737, 48.91829923454004, 43.08131845707603, 40.8166632639171, 34.713109915419565, 0.0, 15.033296378372908, 15.811388300841896, 38.01315561749642, 23.769728648009426, 47.41307836451879, 35.510561809129406, 23.08679276123039, 32.57299494980466, 28.42534080710379, 58.137767414994535, 53.150729063673246, 54.817880294662984, 47.80167361086848, 40.22437072223753, 23.08679276123039, 20.024984394500787, 35.34119409414458, 50.24937810560445, 41.7612260356422, 40.11234224026316, 13.45362404707371, 22.20360331117452, 39.56008088970496, 27.85677655436824, 21.93171219946131, 57.723478758647246, 54.78138369920935, 7.0, 11.661903789690601, 18.867962264113206, 56.43580423808985, 57.697486947006624, 52.773099207835045, 26.1725046566048, 37.36308338453881, 26.40075756488817, 51.97114584074513, 45.70557952810576, 39.59797974644666, 26.92582403567252, 29.154759474226502, 31.304951684997057, 17.4928556845359, 36.796738985948195, 30.265491900843113, 53.2634959423431, 46.32493928760188, 6.0, 30.066592756745816, 66.48308055437865, 60.13318551349163, 47.07440918375928, 41.182520563948, 65.92419889539804, 10.770329614269007, 18.027756377319946, 24.515301344262525, 33.06055050963308, 62.80127387243033, 63.56099432828282, 63.89053137985315, 7.810249675906654, 43.965895873961216, 46.0, 29.0], [68.24954212300622, 62.625873247404705, 57.584720195551874, 58.309518948453004, 67.26812023536856, 60.53924347066124, 57.0087712549569, 53.85164807134504, 49.36598018878993, 15.033296378372908, 0.0, 24.413111231467404, 30.805843601498726, 10.63014581273465, 41.593268686170845, 44.68780594300866, 30.4138126514911, 46.87216658103186, 18.384776310850235, 52.172789842982326, 53.150729063673246, 59.53990258641679, 57.48912940721924, 52.80151512977634, 38.01315561749642, 23.600847442411894, 31.0, 52.92447448959697, 39.11521443121589, 40.80441152620633, 26.40075756488817, 35.11409973215888, 46.22769732530488, 25.495097567963924, 15.0, 55.00909015790027, 50.24937810560445, 8.06225774829855, 25.495097567963924, 29.154759474226502, 64.4437739428721, 64.81512169239521, 60.30754513325841, 38.01315561749642, 35.35533905932738, 23.345235059857504, 50.24937810560445, 44.553338819890925, 50.774009099144415, 41.0, 36.76955262170047, 27.018512172212592, 8.0, 26.832815729997478, 45.27692569068709, 63.25345840347388, 39.293765408777, 15.811388300841896, 15.033296378372908, 61.66036003787198, 61.98386886924694, 51.478150704935004, 49.49747468305833, 72.11102550927978, 7.0710678118654755, 7.280109889280518, 25.079872407968907, 36.235341863986875, 61.204574992397426, 58.05170109479997, 60.13318551349163, 20.615528128088304, 49.64876634922564, 47.43416490252569, 31.76476034853718], [43.93176527297759, 38.28837943815329, 34.52535300326414, 34.0, 43.139309220245984, 36.235341863986875, 35.014282800023196, 30.59411708155671, 30.083217912982647, 15.811388300841896, 24.413111231467404, 0.0, 31.38470965295043, 27.65863337187866, 38.18376618407357, 20.518284528683193, 7.280109889280518, 26.476404589747453, 27.16615541441225, 48.27007354458868, 39.05124837953327, 39.05124837953327, 33.24154027718932, 29.120439557122072, 22.20360331117452, 7.810249675906654, 26.248809496813376, 35.0, 30.23243291566195, 26.248809496813376, 25.317977802344327, 13.152946437965905, 23.769728648009426, 18.601075237738275, 20.024984394500787, 45.18849411078001, 43.829214001622255, 19.209372712298546, 10.295630140987, 5.0990195135927845, 41.048751503547585, 42.05948168962618, 37.21558813185679, 14.317821063276353, 25.80697580112788, 18.35755975068582, 39.0, 32.69556544854363, 26.419689627245813, 20.615528128088304, 13.416407864998739, 23.021728866442675, 20.8806130178211, 33.52610922848042, 31.400636936215164, 38.948684188300895, 38.41874542459709, 10.295630140987, 37.33630940518894, 55.226805085936306, 45.0111097397076, 31.400636936215164, 25.80697580112788, 50.15974481593781, 24.20743687382041, 30.4138126514911, 13.45362404707371, 18.24828759089466, 49.33558553417604, 53.009433122794285, 51.884487084291386, 9.0, 28.160255680657446, 31.400636936215164, 14.866068747318506], [61.39218191268331, 56.71860364994893, 61.814237842102365, 57.0, 58.9406481131655, 59.00847396772772, 63.788713735268246, 57.87054518492115, 60.92618484691127, 38.01315561749642, 30.805843601498726, 31.38470965295043, 0.0, 22.0, 11.0, 41.012193308819754, 30.364452901377952, 57.0087712549569, 13.0, 21.37755832643195, 28.42534080710379, 42.190046219457976, 51.478150704935004, 55.57877292636101, 53.53503525729669, 23.706539182259394, 7.0710678118654755, 33.015148038438355, 13.45362404707371, 21.02379604162864, 51.40038910358559, 43.86342439892262, 36.49657518178932, 13.0, 16.55294535724685, 26.248809496813376, 20.09975124224178, 34.438350715445125, 40.607881008493905, 35.34119409414458, 53.14132102234569, 51.478150704935004, 48.703182647543684, 43.01162633521314, 13.0, 13.038404810405298, 23.323807579381203, 19.79898987322333, 50.08991914547278, 51.478150704935004, 33.24154027718932, 8.54400374531753, 23.08679276123039, 7.810249675906654, 62.68173577685928, 56.88585061331157, 8.54400374531753, 33.301651610693426, 30.083217912982647, 31.064449134018133, 38.948684188300895, 35.34119409414458, 42.2965719651132, 55.758407437802596, 37.0, 37.33630940518894, 18.384776310850235, 24.08318915758459, 33.24154027718932, 27.294688127912362, 30.14962686336267, 36.796738985948195, 36.68787265568828, 26.627053911388696, 22.090722034374522], [69.46221994724903, 64.00781202322104, 62.16912416947821, 61.09828148156051, 67.95586803212802, 63.324560795950255, 62.39390995922599, 58.249463516842795, 56.0357029044876, 23.769728648009426, 10.63014581273465, 27.65863337187866, 22.0, 0.0, 33.0, 46.06517122512408, 31.78049716414141, 53.009433122794285, 9.0, 43.18564576337837, 47.53945729601885, 56.85068161420758, 58.66856057549052, 56.753854494650845, 45.5411901469428, 23.706539182259394, 24.041630560342615, 49.09175083453431, 32.57299494980466, 36.359317925395686, 36.359317925395686, 40.19950248448356, 45.60701700396552, 20.808652046684813, 9.899494936611665, 47.67598976424087, 42.04759208325728, 17.4928556845359, 32.14031735997639, 32.7566787083184, 64.03124237432849, 63.702433234531945, 59.665735560705194, 41.97618372363071, 29.546573405388315, 18.601075237738275, 43.68065933568311, 38.62641583165593, 53.48831648126533, 47.01063709417264, 37.589892258425, 20.615528128088304, 7.0, 16.76305461424021, 53.600373133029585, 64.4980619863884, 30.14962686336267, 22.20360331117452, 10.63014581273465, 53.03772242470448, 57.245087125446844, 48.91829923454004, 49.92995093127971, 70.09279563550022, 17.69180601295413, 15.811388300841896, 22.67156809750927, 33.94112549695428, 54.3415126767741, 49.16299421312742, 52.08646657242167, 27.16615541441225, 48.104053883222775, 43.04648650006177, 29.732137494637012], [60.03332407921454, 56.0357029044876, 64.51356446515724, 58.05170109479997, 57.14017850864661, 59.841457201508724, 67.23094525588644, 60.74537019394976, 66.03786792439622, 47.41307836451879, 41.593268686170845, 38.18376618407357, 11.0, 33.0, 0.0, 42.720018726587654, 35.22782990761707, 61.91122676865643, 24.0, 10.770329614269007, 21.095023109728988, 37.64306044943742, 51.15662224971465, 58.18934610390462, 60.207972893961475, 30.4138126514911, 12.206555615733702, 28.160255680657446, 10.198039027185569, 19.1049731745428, 60.53924347066124, 49.4064773081425, 36.345563690772494, 20.0, 26.92582403567252, 16.1245154965971, 9.219544457292887, 44.598206241955516, 48.16637831516918, 41.23105625617661, 50.48762224545735, 48.05205510693585, 46.2709412050371, 47.50789408087881, 13.416407864998739, 21.095023109728988, 15.0, 14.317821063276353, 51.92301994298868, 56.859475903318, 36.24913792078372, 16.1245154965971, 33.734255586866, 17.72004514666935, 69.42621983083913, 56.00892785976178, 4.242640687119285, 42.190046219457976, 40.792156108742276, 20.09975124224178, 31.622776601683793, 32.2490309931942, 42.42640687119285, 50.695167422546305, 47.53945729601885, 48.25971404805462, 24.758836806279895, 25.632011235952593, 23.323807579381203, 16.492422502470642, 19.235384061671343, 45.0, 35.0, 22.360679774997898, 25.553864678361276], [23.600847442411894, 18.027756377319946, 21.93171219946131, 16.0312195418814, 22.627416997969522, 18.110770276274835, 25.238858928247925, 18.35755975068582, 27.459060435491963, 35.510561809129406, 44.68780594300866, 20.518284528683193, 41.012193308819754, 46.06517122512408, 42.720018726587654, 0.0, 14.422205101855956, 23.323807579381203, 42.720018726587654, 50.08991914547278, 32.526911934581186, 23.53720459187964, 12.806248474865697, 15.652475842498529, 28.284271247461902, 22.360679774997898, 34.058772731852805, 24.413111231467404, 32.57299494980466, 24.166091947189145, 41.23105625617661, 17.029386365926403, 8.602325267042627, 29.274562336608895, 36.76955262170047, 42.01190307520001, 44.294469180700204, 39.698866482558415, 25.632011235952593, 16.64331697709324, 21.02379604162864, 22.80350850198276, 17.72004514666935, 12.0, 29.614185789921695, 30.59411708155671, 35.805027579936315, 30.886890422961002, 9.219544457292887, 20.8806130178211, 8.54400374531753, 33.06055050963308, 39.96248240537617, 46.2709412050371, 35.73513677041127, 18.601075237738275, 44.91102314577124, 30.610455730027933, 56.43580423808985, 53.600373133029585, 33.54101966249684, 18.35755975068582, 6.082762530298219, 31.575306807693888, 44.68780594300866, 50.91168824543142, 24.73863375370596, 17.26267650163207, 43.18564576337837, 53.0, 49.040799340956916, 27.784887978899608, 13.416407864998739, 24.839484696748443, 19.026297590440446], [38.01315561749642, 32.449961479175904, 32.01562118716424, 29.410882339705484, 36.87817782917155, 31.622776601683793, 33.54101966249684, 28.0178514522438, 30.886890422961002, 23.08679276123039, 30.4138126514911, 7.280109889280518, 30.364452901377952, 31.78049716414141, 35.22782990761707, 14.422205101855956, 0.0, 26.832815729997478, 29.274562336608895, 44.598206241955516, 32.89376840679705, 31.78049716414141, 27.202941017470888, 26.019223662515376, 25.612496949731394, 8.246211251235321, 24.166091947189145, 28.071337695236398, 26.1725046566048, 20.591260281974, 32.0624390837628, 14.212670403551895, 16.55294535724685, 17.46424919657298, 22.80350850198276, 39.96248240537617, 39.6232255123179, 26.076809620810597, 16.278820596099706, 6.708203932499369, 34.20526275297414, 34.9857113690718, 30.23243291566195, 12.649110640673518, 22.02271554554524, 18.110770276274835, 33.61547262794322, 27.459060435491963, 21.840329667841555, 21.633307652783937, 6.4031242374328485, 21.840329667841555, 25.553864678361276, 34.132096331752024, 34.713109915419565, 33.015148038438355, 36.235341863986875, 17.46424919657298, 42.05948168962618, 50.60632371551998, 38.118237105091836, 24.186773244895647, 19.1049731745428, 42.95346318982906, 31.064449134018133, 36.87817782917155, 12.165525060596439, 12.083045973594572, 43.46262762420146, 48.83646178829912, 46.87216658103186, 16.1245154965971, 20.8806130178211, 25.0, 9.899494936611665], [34.713109915419565, 30.14962686336267, 13.601470508735444, 21.37755832643195, 36.22154055254967, 22.80350850198276, 10.816653826391969, 11.704699910719626, 4.242640687119285, 32.57299494980466, 46.87216658103186, 26.476404589747453, 57.0087712549569, 53.009433122794285, 61.91122676865643, 23.323807579381203, 26.832815729997478, 0.0, 53.600373133029585, 70.80254232723568, 55.44366510251645, 46.238512086787566, 28.071337695236398, 13.152946437965905, 11.313708498984761, 33.52610922848042, 50.99019513592785, 47.70744176750625, 52.43090691567332, 45.34313619501854, 29.732137494637012, 13.341664064126334, 31.906112267087632, 44.01136216933077, 46.389654018972806, 64.35060217278468, 65.43699259593154, 39.293765408777, 21.37755832643195, 21.840329667841555, 39.11521443121589, 42.42640687119285, 37.656340767525464, 14.422205101855956, 48.54894437575342, 44.27188724235731, 57.982756057296896, 52.40229002629561, 18.24828759089466, 6.0, 26.248809496813376, 48.46648326421054, 46.010868281309364, 59.90826320300064, 14.035668847618199, 31.144823004794873, 63.06346010171025, 31.25699921617557, 61.5223536610881, 75.69015788066504, 56.824290580701486, 41.677331968349414, 28.231188426986208, 51.35172830587107, 43.32435804486894, 50.59644256269407, 38.62641583165593, 37.013511046643494, 66.21933252457322, 74.51845409024533, 71.42128534267638, 26.30589287593181, 36.71511950137164, 47.50789408087881, 36.359317925395686], [65.39113089708727, 60.166435825965294, 61.07372593840988, 58.463663928973865, 63.50590523722971, 60.63827174318213, 62.03224967708329, 57.07889277132134, 57.0701322935211, 28.42534080710379, 18.384776310850235, 27.16615541441225, 13.0, 9.0, 24.0, 42.720018726587654, 29.274562336608895, 53.600373133029585, 0.0, 34.23448553724738, 39.35733730830886, 50.20956084253277, 54.78138369920935, 55.226805085936306, 47.75981574503821, 21.095023109728988, 15.652475842498529, 41.86884283091664, 24.166091947189145, 29.068883707497267, 41.773197148410844, 40.311288741492746, 40.70626487409524, 14.422205101855956, 7.280109889280518, 38.8329756778952, 33.06055050963308, 23.430749027719962, 34.17601498127012, 32.0624390837628, 58.83026432033091, 58.008620049092706, 54.378304497290095, 41.0, 21.633307652783937, 12.529964086141668, 35.11409973215888, 30.4138126514911, 50.99019513592785, 47.67598976424087, 34.20526275297414, 12.806248474865697, 11.40175425099138, 8.602