O=[[56.36488268416781, 57.87054518492115, 66.09841147864296, 37.48332962798263, 39.698866482558415, 42.485291572496, 2.23606797749979, 19.79898987322333, 20.615528128088304, 22.47220505424423, 22.847319317591726, 23.769728648009426, 22.67156809750927, 72.56721022610694, 85.09406559801923, 74.10802925459562, 88.32326986700618, 41.88078318274385, 64.00781202322104, 75.43208866258443, 47.50789408087881, 105.89145385724005], [62.76941930590086, 55.17245689653489, 62.289646009589745, 72.47068372797375, 75.0, 52.55473337388365, 37.44329045369811, 55.0, 51.92301994298868, 49.49747468305833, 39.05124837953327, 24.331050121192877, 47.16990566028302, 54.120236510939236, 74.24284477308234, 64.66065264130884, 66.27216610312357, 6.4031242374328485, 28.635642126552707, 43.46262762420146, 55.00909015790027, 73.06161783043132], [86.97700845625813, 82.41965784932621, 90.13878188659973, 66.21933252457322, 69.85699678629192, 74.51845409024533, 39.81205847478876, 52.15361924162119, 59.90826320300064, 61.09828148156051, 56.302753041036986, 45.967379738244816, 60.41522986797286, 84.20213774008353, 103.87011119662864, 93.91485505499116, 96.0260381354974, 33.13608305156178, 44.77722635447622, 69.58448102845921, 26.92582403567252, 96.46242791885346], [74.67261881037788, 76.94153624668537, 85.15867542417507, 29.120439557122072, 32.7566787083184, 60.74537019394976, 17.26267650163207, 16.76305461424021, 32.55764119219941, 37.44329045369811, 41.48493702538308, 42.190046219457976, 38.948684188300895, 90.93404203047393, 104.17293314484334, 93.1933474020544, 106.30145812734649, 53.41348144429457, 73.59347797189639, 90.0499861188218, 33.61547262794322, 120.10828447696687], [56.79788728465171, 41.593268686170845, 40.52159917870962, 115.83609109426992, 116.84605256490268, 59.665735560705194, 82.87339742040264, 98.89893831583835, 85.14693182963201, 78.81624198095213, 65.73431371817918, 57.0087712549569, 75.21303078589507, 13.0, 32.28002478313795, 31.064449134018133, 9.486832980505138, 53.600373133029585, 53.53503525729669, 26.248809496813376, 112.0714058089752, 40.44749683231337]]
C=[[0.0, 15.231546211727817, 18.439088914585774, 78.02563681252464, 77.23341245859851, 13.92838827718412, 57.77542730261716, 65.76473218982953, 46.17358552246078, 39.319206502675, 33.54101966249684, 41.036569057366385, 36.6742416417845, 43.829214001622255, 39.44616584663204, 30.479501308256342, 58.82176467941097, 65.30696746902278, 82.46211251235322, 71.449282711585, 102.9271587094485, 96.13532129243653], [15.231546211727817, 0.0, 8.246211251235321, 85.5102333057278, 85.37564055396598, 21.02379604162864, 59.682493245507096, 71.11258679024411, 52.952809179494906, 45.89117562233506, 36.013886210738214, 37.57658845611187, 42.579337712087536, 28.653097563788805, 28.635642126552707, 18.027756377319946, 44.04543109109048, 56.4003546088143, 70.9365914038728, 57.0350769263968, 101.6366075781753, 80.95677859203639], [18.439088914585774, 8.246211251235321, 0.0, 93.05912099305473, 92.76313923105448, 27.892651361962706, 67.89698078707183, 79.02531240052139, 60.530983801686226, 53.46026561849464, 44.10215414239989, 45.69463863518345, 50.24937810560445, 27.65863337187866, 21.540659228538015, 12.041594578792296, 41.182520563948, 63.0317380372777, 76.02631123499285, 59.30430001273095, 109.77249200050075, 80.8084154033477], [78.02563681252464, 85.5102333057278, 93.05912099305473, 0.0, 4.123105625617661, 65.37583651472461, 35.35533905932738, 17.69180601295413, 32.55764119219941, 39.6232255123179, 50.92150822589606, 59.36328831862332, 42.95346318982906, 106.23088063270491, 114.1402645870422, 103.36827366266692, 122.65398485169571, 78.87331614684399, 100.43903623591775, 112.80514172678478, 57.706152185014034, 143.28293687665675], [77.23341245859851, 85.37564055396598, 92.76313923105448, 4.123105625617661, 0.0, 64.93843238021688, 37.64306044943742, 20.0, 32.57299494980466, 39.56008088970496, 51.478150704935004, 60.802960454241045, 43.01162633521314, 106.92988356862641, 114.00438588054409, 103.32473082471591, 123.4382436686459, 81.40024569987489, 103.1746092796091, 114.69088891450794, 61.814237842102365, 145.16542288024377], [13.92838827718412, 21.02379604162864, 27.892651361962706, 65.37583651472461, 64.93843238021688, 0.0, 43.86342439892262, 52.23983154643591, 33.015148038438355, 26.0, 19.72308292331602, 29.154759474226502, 23.08679276123039, 47.38143096192854, 49.33558553417604, 39.0, 63.702433234531945, 56.04462507680822, 75.32595834106593, 69.26037828369117, 89.30845424706443, 96.60227740586657], [57.77542730261716, 59.682493245507096, 67.89698078707183, 35.35533905932738, 37.64306044943742, 43.86342439892262, 0.0, 17.69180601295413, 20.248456731316587, 22.80350850198276, 24.351591323771842, 25.96150997149434, 23.345235059857504, 74.73285756613352, 87.05170877128145, 76.05918747922567, 90.52071586106685, 43.829214001622255, 65.86349520030045, 77.62087348130012, 46.69047011971501, 108.07404868885037], [65.76473218982953, 71.11258679024411, 79.02531240052139, 17.69180601295413, 20.0, 52.23983154643591, 17.69180601295413, 0.0, 19.924858845171276, 26.476404589747453, 35.35533905932738, 42.05948168962618, 29.154759474226502, 89.81091247727082, 99.50376877284599, 88.56635930193812, 106.04244433244644, 61.40032573203501, 83.21658488546619, 95.13148795220224, 50.08991914547278, 125.60652849274993], [46.17358552246078, 52.952809179494906, 60.530983801686226, 32.55764119219941, 32.57299494980466, 33.015148038438355, 20.248456731316587, 19.924858845171276, 0.0, 7.0710678118654755, 19.4164878389476, 31.622776601683793, 10.44030650891055, 74.70609078247904, 81.58431221748455, 70.83078426785913, 91.30169768410661, 57.87054518492115, 80.32434251209281, 86.05230967266364, 65.43699259593154, 116.18089343777659], [39.319206502675, 45.89117562233506, 53.46026561849464, 39.6232255123179, 39.56008088970496, 26.0, 22.80350850198276, 26.476404589747453, 7.0710678118654755, 0.0, 13.45362404707371, 27.313000567495326, 3.605551275463989, 68.09552114493287, 74.52516353554684, 63.788713735268246, 84.72307831990054, 55.10898293381942, 77.3692445355388, 81.02468759581859, 69.31089380465383, 110.8873302050329], [33.54101966249684, 36.013886210738214, 44.10215414239989, 50.92150822589606, 51.478150704935004, 19.72308292331602, 24.351591323771842, 35.35533905932738, 19.4164878389476, 13.45362404707371, 0.0, 15.132745950421556, 10.0, 55.46169849544819, 64.19501538281614, 53.23532661682466, 72.00694410957877, 44.04543109109048, 65.76473218982953, 67.67569726275453, 69.63476143421474, 97.45255255764212], [41.036569057366385, 37.57658845611187, 45.69463863518345, 59.36328831862332, 60.802960454241045, 29.154759474226502, 25.96150997149434, 42.05948168962618, 31.622776601683793, 27.313000567495326, 15.132745950421556, 0.0, 24.351591323771842, 48.83646178829912, 62.80127387243033, 51.97114584074513, 64.5600495662759, 29.0, 50.635955604688654, 54.56189146281496, 64.07807737440318, 84.86459803710851], [36.6742416417845, 42.579337712087536, 50.24937810560445, 42.95346318982906, 43.01162633521314, 23.08679276123039, 23.345235059857504, 29.154759474226502, 10.44030650891055, 3.605551275463989, 10.0, 24.351591323771842, 0.0, 64.4980619863884, 71.19691004531025, 60.41522986797286, 81.12336284942828, 52.61178575186362, 74.73285756613352, 77.6659513557904, 70.03570517957252, 107.44766167767449], [43.829214001622255, 28.653097563788805, 27.65863337187866, 106.23088063270491, 106.92988356862641, 47.38143096192854, 74.73285756613352, 89.81091247727082, 74.70609078247904, 68.09552114493287, 55.46169849544819, 48.83646178829912, 64.4980619863884, 0.0, 23.600847442411894, 19.235384061671343, 16.64331697709324, 52.0, 57.28001396647874, 34.17601498127012, 108.18964830333815, 53.150729063673246], [39.44616584663204, 28.635642126552707, 21.540659228538015, 114.1402645870422, 114.00438588054409, 49.33558553417604, 87.05170877128145, 99.50376877284599, 81.58431221748455, 74.52516353554684, 64.19501538281614, 62.80127387243033, 71.19691004531025, 23.600847442411894, 0.0, 11.0, 28.0, 73.24616030891995, 80.72174428244226, 57.245087125446844, 125.96031120952345, 71.06335201775947], [30.479501308256342, 18.027756377319946, 12.041594578792296, 103.36827366266692, 103.32473082471591, 39.0, 76.05918747922567, 88.56635930193812, 70.83078426785913, 63.788713735268246, 53.23532661682466, 51.97114584074513, 60.41522986797286, 19.235384061671343, 11.0, 0.0, 30.083217912982647, 64.20280367709809, 73.81734213584231, 53.16013544000805, 115.43396380615195, 71.449282711585], [58.82176467941097, 44.04543109109048, 41.182520563948, 122.65398485169571, 123.4382436686459, 63.702433234531945, 90.52071586106685, 106.04244433244644, 91.30169768410661, 84.72307831990054, 72.00694410957877, 64.5600495662759, 81.12336284942828, 16.64331697709324, 28.0, 30.083217912982647, 0.0, 62.96824596572466, 62.76941930590086, 34.713109915419565, 121.2023102090055, 43.104524124504614], [65.30696746902278, 56.4003546088143, 63.0317380372777, 78.87331614684399, 81.40024569987489, 56.04462507680822, 43.829214001622255, 61.40032573203501, 57.87054518492115, 55.10898293381942, 44.04543109109048, 29.0, 52.61178575186362, 52.0, 73.24616030891995, 64.20280367709809, 62.96824596572466, 0.0, 22.47220505424423, 37.94733192202055, 59.135437767890075, 67.11929677819934], [82.46211251235322, 70.9365914038728, 76.02631123499285, 100.43903623591775, 103.1746092796091, 75.32595834106593, 65.86349520030045, 83.21658488546619, 80.32434251209281, 77.3692445355388, 65.76473218982953, 50.635955604688654, 74.73285756613352, 57.28001396647874, 80.72174428244226, 73.81734213584231, 62.76941930590086, 22.47220505424423, 0.0, 29.410882339705484, 71.5122367151245, 52.172789842982326], [71.449282711585, 57.0350769263968, 59.30430001273095, 112.80514172678478, 114.69088891450794, 69.26037828369117, 77.62087348130012, 95.13148795220224, 86.05230967266364, 81.02468759581859, 67.67569726275453, 54.56189146281496, 77.6659513557904, 34.17601498127012, 57.245087125446844, 53.16013544000805, 34.713109915419565, 37.94733192202055, 29.410882339705484, 0.0, 96.33794683301072, 30.479501308256342], [102.9271587094485, 101.6366075781753, 109.77249200050075, 57.706152185014034, 61.814237842102365, 89.30845424706443, 46.69047011971501, 50.08991914547278, 65.43699259593154, 69.31089380465383, 69.63476143421474, 64.07807737440318, 70.03570517957252, 108.18964830333815, 125.96031120952345, 115.43396380615195, 121.2023102090055, 59.135437767890075, 71.5122367151245, 96.33794683301072, 0.0, 123.36936410632909], [96.13532129243653, 80.95677859203639, 80.8084154033477, 143.28293687665675, 145.16542288024377, 96.60227740586657, 108.07404868885037, 125.60652849274993, 116.18089343777659, 110.8873302050329, 97.45255255764212, 84.86459803710851, 107.44766167767449, 53.150729063673246, 71.06335201775947, 71.449282711585, 43.104524124504614, 67.11929677819934, 52.172789842982326, 30.479501308256342, 123.36936410632909, 0.0]]
hc=[50.0, 50.0, 50.0, 50.0, 50.0]
d=[125.0, 84.0, 60.0, 500.0, 300.0, 175.0, 350.0, 150.0, 1100.0, 4100.0, 225.0, 300.0, 250.0, 500.0, 150.0, 100.0, 250.0, 120.0, 600.0, 500.0, 175.0, 75.0]
K=4
#Q=4500
Q=3188
