O=[[27.85677655436824, 18.867962264113206, 11.661903789690601, 10.770329614269007, 17.204650534085253, 26.0, 26.0, 16.0, 6.0, 4.0, 14.0, 24.0, 27.85677655436824, 18.867962264113206, 11.661903789690601, 10.770329614269007, 17.204650534085253, 26.0, 32.802438933713454, 25.612496949731394, 20.8806130178211, 20.396078054371138, 24.413111231467404, 31.240998703626616, 39.698866482558415, 34.0, 30.59411708155671, 30.265491900843113, 33.1058907144937, 38.41874542459709, 47.70744176750625, 43.08131845707603, 40.44749683231337, 40.19950248448356, 42.37924020083418, 46.647615158762406], [25.495097567963924, 19.235384061671343, 17.029386365926403, 20.248456731316587, 27.018512172212592, 35.35533905932738, 20.248456731316587, 11.40175425099138, 7.0710678118654755, 13.038404810405298, 22.135943621178654, 31.78049716414141, 19.235384061671343, 9.486832980505138, 3.1622776601683795, 11.40175425099138, 21.213203435596427, 31.144823004794873, 23.021728866442675, 15.811388300841896, 13.038404810405298, 17.029386365926403, 24.698178070456937, 33.61547262794322, 29.832867780352597, 24.698178070456937, 23.021728866442675, 25.495097567963924, 31.144823004794873, 38.600518131237564, 38.07886552931954, 34.20526275297414, 33.015148038438355, 34.785054261852174, 39.11521443121589, 45.27692569068709], [23.194827009486403, 13.341664064126334, 4.242640687119285, 7.615773105863909, 17.26267650163207, 27.16615541441225, 24.041630560342615, 14.7648230602334, 7.615773105863909, 9.899494936611665, 18.384776310850235, 27.892651361962706, 28.600699292150182, 21.400934559032695, 17.26267650163207, 18.384776310850235, 24.041630560342615, 31.906112267087632, 35.4682957019364, 29.966648127543394, 27.16615541441225, 27.892651361962706, 31.906112267087632, 38.18376618407357, 43.56604182158393, 39.21734310225516, 37.12142238654117, 37.656340767525464, 40.718546143004666, 45.803929962395145, 52.32590180780452, 48.76474136094644, 47.095647357266465, 47.51841748206689, 49.9799959983992, 54.20332093147061], [40.24922359499622, 36.87817782917155, 36.05551275463989, 37.94733192202055, 42.190046219457976, 48.16637831516918, 31.622776601683793, 27.202941017470888, 26.076809620810597, 28.635642126552707, 34.058772731852805, 41.23105625617661, 24.08318915758459, 17.88854381999832, 16.1245154965971, 20.0, 27.202941017470888, 35.77708763999664, 18.973665961010276, 10.0, 6.324555320336759, 13.416407864998739, 22.80350850198276, 32.55764119219941, 18.439088914585774, 8.94427190999916, 4.47213595499958, 12.649110640673518, 22.360679774997898, 32.2490309931942, 22.80350850198276, 16.1245154965971, 14.142135623730951, 18.439088914585774, 26.076809620810597, 34.92849839314596], [31.827660925679098, 25.553864678361276, 22.20360331117452, 23.08679276123039, 27.80287754891569, 34.828149534535996, 25.942243542145693, 17.69180601295413, 12.36931687685298, 13.892443989449804, 20.808652046684813, 29.546573405388315, 23.08679276123039, 13.152946437965905, 3.605551275463989, 7.280109889280518, 17.11724276862369, 27.073972741361768, 24.351591323771842, 15.264337522473747, 8.54400374531753, 10.63014581273465, 18.788294228055936, 28.160255680657446, 29.206163733020468, 22.20360331117452, 18.24828759089466, 19.313207915827967, 24.758836806279895, 32.449961479175904, 36.235341863986875, 30.870698080866262, 28.160255680657446, 28.861739379323623, 32.7566787083184, 38.897300677553446]]
C=[[0.0, 10.0, 20.0, 30.0, 40.0, 50.0, 10.0, 14.142135623730951, 22.360679774997898, 31.622776601683793, 41.23105625617661, 50.99019513592785, 20.0, 22.360679774997898, 28.284271247461902, 36.05551275463989, 44.721359549995796, 53.85164807134504, 30.0, 31.622776601683793, 36.05551275463989, 42.42640687119285, 50.0, 58.309518948453004, 40.0, 41.23105625617661, 44.721359549995796, 50.0, 56.568542494923804, 64.03124237432849, 50.0, 50.99019513592785, 53.85164807134504, 58.309518948453004, 64.03124237432849, 70.71067811865476], [10.0, 0.0, 10.0, 20.0, 30.0, 40.0, 14.142135623730951, 10.0, 14.142135623730951, 22.360679774997898, 31.622776601683793, 41.23105625617661, 22.360679774997898, 20.0, 22.360679774997898, 28.284271247461902, 36.05551275463989, 44.721359549995796, 31.622776601683793, 30.0, 31.622776601683793, 36.05551275463989, 42.42640687119285, 50.0, 41.23105625617661, 40.0, 41.23105625617661, 44.721359549995796, 50.0, 56.568542494923804, 50.99019513592785, 50.0, 50.99019513592785, 53.85164807134504, 58.309518948453004, 64.03124237432849], [20.0, 10.0, 0.0, 10.0, 20.0, 30.0, 22.360679774997898, 14.142135623730951, 10.0, 14.142135623730951, 22.360679774997898, 31.622776601683793, 28.284271247461902, 22.360679774997898, 20.0, 22.360679774997898, 28.284271247461902, 36.05551275463989, 36.05551275463989, 31.622776601683793, 30.0, 31.622776601683793, 36.05551275463989, 42.42640687119285, 44.721359549995796, 41.23105625617661, 40.0, 41.23105625617661, 44.721359549995796, 50.0, 53.85164807134504, 50.99019513592785, 50.0, 50.99019513592785, 53.85164807134504, 58.309518948453004], [30.0, 20.0, 10.0, 0.0, 10.0, 20.0, 31.622776601683793, 22.360679774997898, 14.142135623730951, 10.0, 14.142135623730951, 22.360679774997898, 36.05551275463989, 28.284271247461902, 22.360679774997898, 20.0, 22.360679774997898, 28.284271247461902, 42.42640687119285, 36.05551275463989, 31.622776601683793, 30.0, 31.622776601683793, 36.05551275463989, 50.0, 44.721359549995796, 41.23105625617661, 40.0, 41.23105625617661, 44.721359549995796, 58.309518948453004, 53.85164807134504, 50.99019513592785, 50.0, 50.99019513592785, 53.85164807134504], [40.0, 30.0, 20.0, 10.0, 0.0, 10.0, 41.23105625617661, 31.622776601683793, 22.360679774997898, 14.142135623730951, 10.0, 14.142135623730951, 44.721359549995796, 36.05551275463989, 28.284271247461902, 22.360679774997898, 20.0, 22.360679774997898, 50.0, 42.42640687119285, 36.05551275463989, 31.622776601683793, 30.0, 31.622776601683793, 56.568542494923804, 50.0, 44.721359549995796, 41.23105625617661, 40.0, 41.23105625617661, 64.03124237432849, 58.309518948453004, 53.85164807134504, 50.99019513592785, 50.0, 50.99019513592785], [50.0, 40.0, 30.0, 20.0, 10.0, 0.0, 50.99019513592785, 41.23105625617661, 31.622776601683793, 22.360679774997898, 14.142135623730951, 10.0, 53.85164807134504, 44.721359549995796, 36.05551275463989, 28.284271247461902, 22.360679774997898, 20.0, 58.309518948453004, 50.0, 42.42640687119285, 36.05551275463989, 31.622776601683793, 30.0, 64.03124237432849, 56.568542494923804, 50.0, 44.721359549995796, 41.23105625617661, 40.0, 70.71067811865476, 64.03124237432849, 58.309518948453004, 53.85164807134504, 50.99019513592785, 50.0], [10.0, 14.142135623730951, 22.360679774997898, 31.622776601683793, 41.23105625617661, 50.99019513592785, 0.0, 10.0, 20.0, 30.0, 40.0, 50.0, 10.0, 14.142135623730951, 22.360679774997898, 31.622776601683793, 41.23105625617661, 50.99019513592785, 20.0, 22.360679774997898, 28.284271247461902, 36.05551275463989, 44.721359549995796, 53.85164807134504, 30.0, 31.622776601683793, 36.05551275463989, 42.42640687119285, 50.0, 58.309518948453004, 40.0, 41.23105625617661, 44.721359549995796, 50.0, 56.568542494923804, 64.03124237432849], [14.142135623730951, 10.0, 14.142135623730951, 22.360679774997898, 31.622776601683793, 41.23105625617661, 10.0, 0.0, 10.0, 20.0, 30.0, 40.0, 14.142135623730951, 10.0, 14.142135623730951, 22.360679774997898, 31.622776601683793, 41.23105625617661, 22.360679774997898, 20.0, 22.360679774997898, 28.284271247461902, 36.05551275463989, 44.721359549995796, 31.622776601683793, 30.0, 31.622776601683793, 36.05551275463989, 42.42640687119285, 50.0, 41.23105625617661, 40.0, 41.23105625617661, 44.721359549995796, 50.0, 56.568542494923804], [22.360679774997898, 14.142135623730951, 10.0, 14.142135623730951, 22.360679774997898, 31.622776601683793, 20.0, 10.0, 0.0, 10.0, 20.0, 30.0, 22.360679774997898, 14.142135623730951, 10.0, 14.142135623730951, 22.360679774997898, 31.622776601683793, 28.284271247461902, 22.360679774997898, 20.0, 22.360679774997898, 28.284271247461902, 36.05551275463989, 36.05551275463989, 31.622776601683793, 30.0, 31.622776601683793, 36.05551275463989, 42.42640687119285, 44.721359549995796, 41.23105625617661, 40.0, 41.23105625617661, 44.721359549995796, 50.0], [31.622776601683793, 22.360679774997898, 14.142135623730951, 10.0, 14.142135623730951, 22.360679774997898, 30.0, 20.0, 10.0, 0.0, 10.0, 20.0, 31.622776601683793, 22.360679774997898, 14.142135623730951, 10.0, 14.142135623730951, 22.360679774997898, 36.05551275463989, 28.284271247461902, 22.360679774997898, 20.0, 22.360679774997898, 28.284271247461902, 42.42640687119285, 36.05551275463989, 31.622776601683793, 30.0, 31.622776601683793, 36.05551275463989, 50.0, 44.721359549995796, 41.23105625617661, 40.0, 41.23105625617661, 44.721359549995796], [41.23105625617661, 31.622776601683793, 22.360679774997898, 14.142135623730951, 10.0, 14.142135623730951, 40.0, 30.0, 20.0, 10.0, 0.0, 10.0, 41.23105625617661, 31.622776601683793, 22.360679774997898, 14.142135623730951, 10.0, 14.142135623730951, 44.721359549995796, 36.05551275463989, 28.284271247461902, 22.360679774997898, 20.0, 22.360679774997898, 50.0, 42.42640687119285, 36.05551275463989, 31.622776601683793, 30.0, 31.622776601683793, 56.568542494923804, 50.0, 44.721359549995796, 41.23105625617661, 40.0, 41.23105625617661], [50.99019513592785, 41.23105625617661, 31.622776601683793, 22.360679774997898, 14.142135623730951, 10.0, 50.0, 40.0, 30.0, 20.0, 10.0, 0.0, 50.99019513592785, 41.23105625617661, 31.622776601683793, 22.360679774997898, 14.142135623730951, 10.0, 53.85164807134504, 44.721359549995796, 36.05551275463989, 28.284271247461902, 22.360679774997898, 20.0, 58.309518948453004, 50.0, 42.42640687119285, 36.05551275463989, 31.622776601683793, 30.0, 64.03124237432849, 56.568542494923804, 50.0, 44.721359549995796, 41.23105625617661, 40.0], [20.0, 22.360679774997898, 28.284271247461902, 36.05551275463989, 44.721359549995796, 53.85164807134504, 10.0, 14.142135623730951, 22.360679774997898, 31.622776601683793, 41.23105625617661, 50.99019513592785, 0.0, 10.0, 20.0, 30.0, 40.0, 50.0, 10.0, 14.142135623730951, 22.360679774997898, 31.622776601683793, 41.23105625617661, 50.99019513592785, 20.0, 22.360679774997898, 28.284271247461902, 36.05551275463989, 44.721359549995796, 53.85164807134504, 30.0, 31.622776601683793, 36.05551275463989, 42.42640687119285, 50.0, 58.309518948453004], [22.360679774997898, 20.0, 22.360679774997898, 28.284271247461902, 36.05551275463989, 44.721359549995796, 14.142135623730951, 10.0, 14.142135623730951, 22.360679774997898, 31.622776601683793, 41.23105625617661, 10.0, 0.0, 10.0, 20.0, 30.0, 40.0, 14.142135623730951, 10.0, 14.142135623730951, 22.360679774997898, 31.622776601683793, 41.23105625617661, 22.360679774997898, 20.0, 22.360679774997898, 28.284271247461902, 36.05551275463989, 44.721359549995796, 31.622776601683793, 30.0, 31.622776601683793, 36.05551275463989, 42.42640687119285, 50.0], [28.284271247461902, 22.360679774997898, 20.0, 22.360679774997898, 28.284271247461902, 36.05551275463989, 22.360679774997898, 14.142135623730951, 10.0, 14.142135623730951, 22.360679774997898, 31.622776601683793, 20.0, 10.0, 0.0, 10.0, 20.0, 30.0, 22.360679774997898, 14.142135623730951, 10.0, 14.142135623730951, 22.360679774997898, 31.622776601683793, 28.284271247461902, 22.360679774997898, 20.0, 22.360679774997898, 28.284271247461902, 36.05551275463989, 36.05551275463989, 31.622776601683793, 30.0, 31.622776601683793, 36.05551275463989, 42.42640687119285], [36.05551275463989, 28.284271247461902, 22.360679774997898, 20.0, 22.360679774997898, 28.284271247461902, 31.622776601683793, 22.360679774997898, 14.142135623730951, 10.0, 14.142135623730951, 22.360679774997898, 30.0, 20.0, 10.0, 0.0, 10.0, 20.0, 31.622776601683793, 22.360679774997898, 14.142135623730951, 10.0, 14.142135623730951, 22.360679774997898, 36.05551275463989, 28.284271247461902, 22.360679774997898, 20.0, 22.360679774997898, 28.284271247461902, 42.42640687119285, 36.05551275463989, 31.622776601683793, 30.0, 31.622776601683793, 36.05551275463989], [44.721359549995796, 36.05551275463989, 28.284271247461902, 22.360679774997898, 20.0, 22.360679774997898, 41.23105625617661, 31.622776601683793, 22.360679774997898, 14.142135623730951, 10.0, 14.142135623730951, 40.0, 30.0, 20.0, 10.0, 0.0, 10.0, 41.23105625617661, 31.622776601683793, 22.360679774997898, 14.142135623730951, 10.0, 14.142135623730951, 44.721359549995796, 36.05551275463989, 28.284271247461902, 22.360679774997898, 20.0, 22.360679774997898, 50.0, 42.42640687119285, 36.05551275463989, 31.622776601683793, 30.0, 31.622776601683793], [53.85164807134504, 44.721359549995796, 36.05551275463989, 28.284271247461902, 22.360679774997898, 20.0, 50.99019513592785, 41.23105625617661, 31.622776601683793, 22.360679774997898, 14.142135623730951, 10.0, 50.0, 40.0, 30.0, 20.0, 10.0, 0.0, 50.99019513592785, 41.23105625617661, 31.622776601683793, 22.360679774997898, 14.142135623730951, 10.0, 53.85164807134504, 44.721359549995796, 36.05551275463989, 28.284271247461902, 22.360679774997898, 20.0, 58.309518948453004, 50.0, 42.42640687119285, 36.05551275463989, 31.622776601683793, 30.0], [30.0, 31.622776601683793, 36.05551275463989, 42.42640687119285, 50.0, 58.309518948453004, 20.0, 22.360679774997898, 28.284271247461902, 36.05551275463989, 44.721359549995796, 53.85164807134504, 10.0, 14.142135623730951, 22.360679774997898, 31.622776601683793, 41.23105625617661, 50.99019513592785, 0.0, 10.0, 20.0, 30.0, 40.0, 50.0, 10.0, 14.142135623730951, 22.360679774997898, 31.622776601683793, 41.23105625617661, 50.99019513592785, 20.0, 22.360679774997898, 28.284271247461902, 36.05551275463989, 44.721359549995796, 53.85164807134504], [31.622776601683793, 30.0, 31.622776601683793, 36.05551275463989, 42.42640687119285, 50.0, 22.360679774997898, 20.0, 22.360679774997898, 28.284271247461902, 36.05551275463989, 44.721359549995796, 14.142135623730951, 10.0, 14.142135623730951, 22.360679774997898, 31.622776601683793, 41.23105625617661, 10.0, 0.0, 10.0, 20.0, 30.0, 40.0, 14.142135623730951, 10.0, 14.142135623730951, 22.360679774997898, 31.622776601683793, 41.23105625617661, 22.360679774997898, 20.0, 22.360679774997898, 28.284271247461902, 36.05551275463989, 44.721359549995796], [36.05551275463989, 31.622776601683793, 30.0, 31.622776601683793, 36.05551275463989, 42.42640687119285, 28.284271247461902, 22.360679774997898, 20.0, 22.360679774997898, 28.284271247461902, 36.05551275463989, 22.360679774997898, 14.142135623730951, 10.0, 14.142135623730951, 22.360679774997898, 31.622776601683793, 20.0, 10.0, 0.0, 10.0, 20.0, 30.0, 22.360679774997898, 14.142135623730951, 10.0, 14.142135623730951, 22.360679774997898, 31.622776601683793, 28.284271247461902, 22.360679774997898, 20.0, 22.360679774997898, 28.284271247461902, 36.05551275463989], [42.42640687119285, 36.05551275463989, 31.622776601683793, 30.0, 31.622776601683793, 36.05551275463989, 36.05551275463989, 28.284271247461902, 22.360679774997898, 20.0, 22.360679774997898, 28.284271247461902, 31.622776601683793, 22.360679774997898, 14.142135623730951, 10.0, 14.142135623730951, 22.360679774997898, 30.0, 20.0, 10.0, 0.0, 10.0, 20.0, 31.622776601683793, 22.360679774997898, 14.142135623730951, 10.0, 14.142135623730951, 22.360679774997898, 36.05551275463989, 28.284271247461902, 22.360679774997898, 20.0, 22.360679774997898, 28.284271247461902], [50.0, 42.42640687119285, 36.05551275463989, 31.622776601683793, 30.0, 31.622776601683793, 44.721359549995796, 36.05551275463989, 28.284271247461902, 22.360679774997898, 20.0, 22.360679774997898, 41.23105625617661, 31.622776601683793, 22.360679774997898, 14.142135623730951, 10.0, 14.142135623730951, 40.0, 30.0, 20.0, 10.0, 0.0, 10.0, 41.23105625617661, 31.622776601683793, 22.360679774997898, 14.142135623730951, 10.0, 14.142135623730951, 44.721359549995796, 36.05551275463989, 28.284271247461902, 22.360679774997898, 20.0, 22.360679774997898], [58.309518948453004, 50.0, 42.42640687119285, 36.05551275463989, 31.622776601683793, 30.0, 53.85164807134504, 44.721359549995796, 36.05551275463989, 28.284271247461902, 22.360679774997898, 20.0, 50.99019513592785, 41.23105625617661, 31.622776601683793, 22.360679774997898, 14.142135623730951, 10.0, 50.0, 40.0, 30.0, 20.0, 10.0, 0.0, 50.99019513592785, 41.23105625617661, 31.622776601683793, 22.360679774997898, 14.142135623730951, 10.0, 53.85164807134504, 44.721359549995796, 36.05551275463989, 28.284271247461902, 22.360679774997898, 20.0], [40.0, 41.23105625617661, 44.721359549995796, 50.0, 56.568542494923804, 64.03124237432849, 30.0, 31.622776601683793, 36.05551275463989, 42.42640687119285, 50.0, 58.309518948453004, 20.0, 22.360679774997898, 28.284271247461902, 36.05551275463989, 44.721359549995796, 53.85164807134504, 10.0, 14.142135623730951, 22.360679774997898, 31.622776601683793, 41.23105625617661, 50.99019513592785, 0.0, 10.0, 20.0, 30.0, 40.0, 50.0, 10.0, 14.142135623730951, 22.360679774997898, 31.622776601683793, 41.23105625617661, 50.99019513592785], [41.23105625617661, 40.0, 41.23105625617661, 44.721359549995796, 50.0, 56.568542494923804, 31.622776601683793, 30.0, 31.622776601683793, 36.05551275463989, 42.42640687119285, 50.0, 22.360679774997898, 20.0, 22.360679774997898, 28.284271247461902, 36.05551275463989, 44.721359549995796, 14.142135623730951, 10.0, 14.142135623730951, 22.360679774997898, 31.622776601683793, 41.23105625617661, 10.0, 0.0, 10.0, 20.0, 30.0, 40.0, 14.142135623730951, 10.0, 14.142135623730951, 22.360679774997898, 31.622776601683793, 41.23105625617661], [44.721359549995796, 41.23105625617661, 40.0, 41.23105625617661, 44.721359549995796, 50.0, 36.05551275463989, 31.622776601683793, 30.0, 31.622776601683793, 36.05551275463989, 42.42640687119285, 28.284271247461902, 22.360679774997898, 20.0, 22.360679774997898, 28.284271247461902, 36.05551275463989, 22.360679774997898, 14.142135623730951, 10.0, 14.142135623730951, 22.360679774997898, 31.622776601683793, 20.0, 10.0, 0.0, 10.0, 20.0, 30.0, 22.360679774997898, 14.142135623730951, 10.0, 14.142135623730951, 22.360679774997898, 31.622776601683793], [50.0, 44.721359549995796, 41.23105625617661, 40.0, 41.23105625617661, 44.721359549995796, 42.42640687119285, 36.05551275463989, 31.622776601683793, 30.0, 31.622776601683793, 36.05551275463989, 36.05551275463989, 28.284271247461902, 22.360679774997898, 20.0, 22.360679774997898, 28.284271247461902, 31.622776601683793, 22.360679774997898, 14.142135623730951, 10.0, 14.142135623730951, 22.360679774997898, 30.0, 20.0, 10.0, 0.0, 10.0, 20.0, 31.622776601683793, 22.360679774997898, 14.142135623730951, 10.0, 14.142135623730951, 22.360679774997898], [56.568542494923804, 50.0, 44.721359549995796, 41.23105625617661, 40.0, 41.23105625617661, 50.0, 42.42640687119285, 36.05551275463989, 31.622776601683793, 30.0, 31.622776601683793, 44.721359549995796, 36.05551275463989, 28.284271247461902, 22.360679774997898, 20.0, 22.360679774997898, 41.23105625617661, 31.622776601683793, 22.360679774997898, 14.142135623730951, 10.0, 14.142135623730951, 40.0, 30.0, 20.0, 10.0, 0.0, 10.0, 41.23105625617661, 31.622776601683793, 22.360679774997898, 14.142135623730951, 10.0, 14.142135623730951], [64.03124237432849, 56.568542494923804, 50.0, 44.721359549995796, 41.23105625617661, 40.0, 58.309518948453004, 50.0, 42.42640687119285, 36.05551275463989, 31.622776601683793, 30.0, 53.85164807134504, 44.721359549995796, 36.05551275463989, 28.284271247461902, 22.360679774997898, 20.0, 50.99019513592785, 41.23105625617661, 31.622776601683793, 22.360679774997898, 14.142135623730951, 10.0, 50.0, 40.0, 30.0, 20.0, 10.0, 0.0, 50.99019513592785, 41.23105625617661, 31.622776601683793, 22.360679774997898, 14.142135623730951, 10.0], [50.0, 50.99019513592785, 53.85164807134504, 58.309518948453004, 64.03124237432849, 70.71067811865476, 40.0, 41.23105625617661, 44.721359549995796, 50.0, 56.568542494923804, 64.03124237432849, 30.0, 31.622776601683793, 36.05551275463989, 42.42640687119285, 50.0, 58.309518948453004, 20.0, 22.360679774997898, 28.284271247461902, 36.05551275463989, 44.721359549995796, 53.85164807134504, 10.0, 14.142135623730951, 22.360679774997898, 31.622776601683793, 41.23105625617661, 50.99019513592785, 0.0, 10.0, 20.0, 30.0, 40.0, 50.0], [50.99019513592785, 50.0, 50.99019513592785, 53.85164807134504, 58.309518948453004, 64.03124237432849, 41.23105625617661, 40.0, 41.23105625617661, 44.721359549995796, 50.0, 56.568542494923804, 31.622776601683793, 30.0, 31.622776601683793, 36.05551275463989, 42.42640687119285, 50.0, 22.360679774997898, 20.0, 22.360679774997898, 28.284271247461902, 36.05551275463989, 44.721359549995796, 14.142135623730951, 10.0, 14.142135623730951, 22.360679774997898, 31.622776601683793, 41.23105625617661, 10.0, 0.0, 10.0, 20.0, 30.0, 40.0], [53.85164807134504, 50.99019513592785, 50.0, 50.99019513592785, 53.85164807134504, 58.309518948453004, 44.721359549995796, 41.23105625617661, 40.0, 41.23105625617661, 44.721359549995796, 50.0, 36.05551275463989, 31.622776601683793, 30.0, 31.622776601683793, 36.05551275463989, 42.42640687119285, 28.284271247461902, 22.360679774997898, 20.0, 22.360679774997898, 28.284271247461902, 36.05551275463989, 22.360679774997898, 14.142135623730951, 10.0, 14.142135623730951, 22.360679774997898, 31.622776601683793, 20.0, 10.0, 0.0, 10.0, 20.0, 30.0], [58.309518948453004, 53.85164807134504, 50.99019513592785, 50.0, 50.99019513592785, 53.85164807134504, 50.0, 44.721359549995796, 41.23105625617661, 40.0, 41.23105625617661, 44.721359549995796, 42.42640687119285, 36.05551275463989, 31.622776601683793, 30.0, 31.622776601683793, 36.05551275463989, 36.05551275463989, 28.284271247461902, 22.360679774997898, 20.0, 22.360679774997898, 28.284271247461902, 31.622776601683793, 22.360679774997898, 14.142135623730951, 10.0, 14.142135623730951, 22.360679774997898, 30.0, 20.0, 10.0, 0.0, 10.0, 20.0], [64.03124237432849, 58.309518948453004, 53.85164807134504, 50.99019513592785, 50.0, 50.99019513592785, 56.568542494923804, 50.0, 44.721359549995796, 41.23105625617661, 40.0, 41.23105625617661, 50.0, 42.42640687119285, 36.05551275463989, 31.622776601683793, 30.0, 31.622776601683793, 44.721359549995796, 36.05551275463989, 28.284271247461902, 22.360679774997898, 20.0, 22.360679774997898, 41.23105625617661, 31.622776601683793, 22.360679774997898, 14.142135623730951, 10.0, 14.142135623730951, 40.0, 30.0, 20.0, 10.0, 0.0, 10.0], [70.71067811865476, 64.03124237432849, 58.309518948453004, 53.85164807134504, 50.99019513592785, 50.0, 64.03124237432849, 56.568542494923804, 50.0, 44.721359549995796, 41.23105625617661, 40.0, 58.309518948453004, 50.0, 42.42640687119285, 36.05551275463989, 31.622776601683793, 30.0, 53.85164807134504, 44.721359549995796, 36.05551275463989, 28.284271247461902, 22.360679774997898, 20.0, 50.99019513592785, 41.23105625617661, 31.622776601683793, 22.360679774997898, 14.142135623730951, 10.0, 50.0, 40.0, 30.0, 20.0, 10.0, 0.0]]
hc=[50.0, 50.0, 50.0, 50.0, 50.0]
d=[25.0, 25.0, 25.0, 25.0, 25.0, 25.0, 25.0, 25.0, 25.0, 25.0, 25.0, 25.0, 25.0, 25.0, 25.0, 25.0, 25.0, 25.0, 25.0, 25.0, 25.0, 25.0, 25.0, 25.0, 25.0, 25.0, 25.0, 25.0, 25.0, 25.0, 25.0, 25.0, 25.0, 25.0, 25.0, 25.0]
K=4
#Q=250
Q=225
