O=[[220.00227271553356, 149.01342221424215, 113.08846094982458, 179.28747864811976, 165.23922052587878, 175.6957597667058, 114.94781424629178, 114.58621208504974, 157.16551784663199, 161.9660458244258, 179.0111728356641, 239.40342520523802, 236.95780215050948, 227.55438910291315, 190.19200824430033, 280.7436553156634, 279.32955446926843, 345.56186132152953, 315.1920049747455, 333.4081582685103, 523.545604508337, 530.2980294136496, 541.1330705103875, 352.6953359487477, 328.34737702622203, 222.89459392277777, 270.6806236138819], [262.16216355530787, 207.51144546747295, 194.48650338776724, 77.79460135510689, 55.31726674375732, 65.85590330410783, 196.4713719603953, 196.596032513375, 161.0372627685903, 175.775424903483, 184.45866745696716, 145.41664278891878, 142.28492541376264, 123.35720489699821, 90.00555538409837, 172.246915792417, 170.83617883809038, 276.92778842145833, 239.70398411373975, 244.38698819699874, 430.11626335213134, 427.948595043844, 439.35520936936666, 245.80073230159425, 248.12899870833317, 194.20092687729377, 238.0756182392477], [90.35485598461214, 42.04759208325728, 71.5122367151245, 194.48650338776724, 210.11663427725088, 217.00230413523263, 72.2357252334328, 73.16419889536138, 50.0, 39.84971769034255, 58.463663928973865, 317.6239915371633, 314.33103569326397, 289.62389404191083, 261.3962509295036, 294.15982050579237, 292.9095423505352, 449.14362958857606, 412.82562904936026, 416.7517246515004, 598.9098429646987, 500.9361236724698, 509.61946587625556, 350.62943401830944, 270.1869722988138, 123.06502346320826, 164.45364088398895], [163.46559270990332, 187.94946129212502, 229.40139493908924, 194.90510511528424, 233.45235059857504, 233.30880823492285, 229.97608571327584, 230.9328906847182, 113.44161493913951, 118.35962149314267, 99.72462083156798, 342.6047285137787, 339.00589965367857, 302.63013729633735, 292.4876065750479, 249.8739682319869, 249.1766441703556, 488.9836398081228, 447.8325579946148, 432.3482392701513, 588.1836447913186, 380.23676834309435, 386.4932082197564, 275.0018181758077, 145.60219778561037, 42.44997055358225, 6.324555320336759], [694.4242219277781, 679.3386489814928, 691.0231544601093, 454.86261662176634, 462.5883699359507, 452.133829745132, 692.7517592904402, 693.2546429703879, 593.1652383611164, 610.4498341387276, 602.2100962288825, 423.4453919928755, 423.7133464973696, 412.4184767926869, 450.4719747109691, 349.73847372000694, 351.12533374850636, 456.97374103989824, 438.3263624287273, 385.2544613628764, 315.0745943423557, 202.27703774773843, 205.8761763779384, 286.66705426330384, 403.2269832240893, 547.7243832439816, 543.8602761739453]]
C=[[0.0, 73.23933369440222, 122.09013064126027, 272.2223356008834, 294.11052344314373, 299.81661061388843, 121.2023102090055, 122.10241602851272, 110.01818031580054, 92.0869154657707, 94.2019108086455, 404.5553114223072, 401.1682938618155, 374.00802130435653, 348.28149534536, 363.7938976948349, 362.6789213615812, 538.7559744448315, 501.8655198357425, 503.39050447937535, 682.1356170146813, 539.8675763555356, 546.9369250654046, 410.5715528382355, 303.48805577814755, 148.52945835759317, 169.03549923019128], [73.23933369440222, 0.0, 50.695167422546305, 235.16164653276266, 248.2438317461282, 255.70686341981516, 50.21951811795888, 51.19570294468082, 89.37561188601732, 75.07329751649384, 90.69729874698585, 352.8413241104279, 349.6569747624091, 327.00152904841286, 296.97137909232936, 335.83626963149766, 334.5743564590687, 479.80204251336824, 444.85166066903696, 451.88715405508043, 636.1768622010707, 541.4766846319424, 549.945451840453, 392.674165180242, 309.0711892105118, 157.54681843820268, 194.23954283306992], [122.09013064126027, 50.695167422546305, 0.0, 238.10291892372928, 242.53865671269807, 251.372233947984, 2.0, 2.23606797749979, 120.30793822520607, 111.32834320154055, 129.6919426949878, 338.2499076126999, 335.3356527421443, 317.6476034853718, 284.1020943252619, 342.566781810496, 341.22426642898654, 455.80697669079177, 423.33083988766987, 436.0045871318328, 623.9270790725467, 564.982300607727, 574.2142457306331, 405.51325502380314, 338.20851556399344, 194.4659353203023, 235.72229423624742], [272.2223356008834, 235.16164653276266, 238.10291892372928, 0.0, 42.04759208325728, 39.05124837953327, 239.92707225321615, 240.33726302843678, 162.24980739587951, 180.13605968822566, 180.87841220001906, 147.87156589419075, 144.26711336961034, 109.12836478203089, 98.41239759298622, 105.152270541344, 103.77379245262264, 294.0833215264001, 253.00197627686626, 240.75090861718465, 411.01338177728474, 351.93181157718607, 363.07712679264165, 173.9482681718907, 174.73408368146153, 162.60996279441184, 197.1902634513175], [294.11052344314373, 248.2438317461282, 242.53865671269807, 42.04759208325728, 0.0, 10.63014581273465, 244.47699278255203, 244.72433471152803, 186.03494295427404, 203.0492551082126, 207.13522153414664, 113.21660655575224, 109.65856099730654, 79.90619500389191, 59.405386961116584, 117.80067911519016, 116.40017182117903, 257.1089263327899, 216.78099547700208, 210.34495477667156, 388.8701582790842, 376.5634076752546, 388.2743875148089, 192.21342304844373, 214.7091055358389, 198.600100704909, 236.1778990506944], [299.81661061388843, 255.70686341981516, 251.372233947984, 39.05124837953327, 10.63014581273465, 0.0, 253.29824318380102, 253.56853117056934, 191.02355875650522, 208.3122656014283, 211.54668515483763, 110.63905277974861, 107.0420478129973, 74.72616676907762, 59.413803110051795, 107.20074626605917, 105.80170130957252, 256.00781238079435, 215.23243250030885, 206.24257562394823, 382.51405202946466, 366.30724808553816, 378.06084166440723, 181.69479904499192, 208.07931180201456, 199.6922632452244, 235.77319610167734], [121.2023102090055, 50.21951811795888, 2.0, 239.92707225321615, 244.47699278255203, 253.29824318380102, 0.0, 1.0, 121.23530838827442, 112.00892821556681, 130.29197979921864, 340.24843864447047, 337.3336627139367, 319.62478001556764, 286.09439001839934, 344.3544685349676, 343.0131192826303, 457.7728694450994, 425.31517725094176, 438.00456618624423, 625.9241168065023, 566.4035663729528, 575.6127170242158, 407.191601092164, 339.40094283899685, 195.25624189766637, 236.29853998702575], [122.10241602851272, 51.19570294468082, 2.23606797749979, 240.33726302843678, 244.72433471152803, 253.56853117056934, 1.0, 0.0, 122.11879462228572, 112.94689017409908, 131.24404748406687, 340.28811322172277, 337.37960815674677, 319.77648443874045, 286.1835075611451, 344.8028422156639, 343.4603324985289, 457.5904282215702, 425.19172146221285, 438.0011415510238, 625.9792328823696, 567.1066919019736, 576.3271640309869, 407.73520819276814, 340.20288064624026, 196.17339269126177, 237.25513693068902], [110.01818031580054, 89.37561188601732, 120.30793822520607, 162.24980739587951, 186.03494295427404, 191.02355875650522, 121.23530838827442, 122.11879462228572, 0.0, 18.110770276274835, 24.041630560342615, 298.2029510249689, 294.72699231661835, 265.63508804372964, 242.2973379961076, 255.36248745655655, 254.19677417308034, 436.95537529592195, 398.5285435197835, 396.2852507979574, 572.6718082811481, 452.10286440145455, 460.5778978631085, 306.95439400666675, 220.32022149589446, 75.0, 119.60351165413162], [92.0869154657707, 75.07329751649384, 111.32834320154055, 180.13605968822566, 203.0492551082126, 208.3122656014283, 112.00892821556681, 112.94689017409908, 18.110770276274835, 0.0, 19.026297590440446, 314.74592928265173, 311.2940731848263, 282.80381892753854, 258.68127106537884, 273.4264069178396, 272.26457720386617, 452.37373929086556, 414.31027020821, 413.09805131469693, 590.2855241321779, 467.2740095490011, 475.5333847376018, 324.4456811239749, 234.06195760951843, 83.64807230295268, 124.66354719804824], [94.2019108086455, 90.69729874698585, 129.6919426949878, 180.87841220001906, 207.13522153414664, 211.54668515483763, 130.29197979921864, 131.24404748406687, 24.041630560342615, 19.026297590440446, 0.0, 319.87653868328636, 316.3700365078842, 286.27259736132623, 264.2460974167831, 269.6738771182704, 268.5702887513807, 459.7434066955175, 421.01425154025367, 417.4685616905781, 591.8825897084657, 454.80215478821117, 462.7504727172086, 317.19552329753964, 220.16584657934573, 66.85057965343307, 106.04244433244644], [404.5553114223072, 352.8413241104279, 338.2499076126999, 147.87156589419075, 113.21660655575224, 110.63905277974861, 340.24843864447047, 340.28811322172277, 298.2029510249689, 314.74592928265173, 319.87653868328636, 0.0, 3.605551275463989, 42.43819034784589, 56.293871780150276, 144.5856147754679, 143.83671297690307, 146.6594695203825, 105.26157893552613, 99.14131328563285, 285.7726368986366, 390.12049420659764, 402.9553325121781, 208.00961516237658, 293.00170647967224, 310.16124838541646, 344.68826495835333], [401.1682938618155, 349.6569747624091, 335.3356527421443, 144.26711336961034, 109.65856099730654, 107.0420478129973, 337.3336627139367, 337.37960815674677, 294.72699231661835, 311.2940731848263, 316.3700365078842, 3.605551275463989, 0.0, 39.11521443121589, 52.952809179494906, 141.9929575718458, 141.22322755127783, 150.23315213360866, 108.85311203635843, 102.42070103255493, 288.62605564986677, 388.6450823051798, 401.4623269996825, 206.0606706773517, 289.836160614924, 306.5566831762113, 341.09382873338535], [374.00802130435653, 327.00152904841286, 317.6476034853718, 109.12836478203089, 79.90619500389191, 74.72616676907762, 319.62478001556764, 319.77648443874045, 265.63508804372964, 282.80381892753854, 286.27259736132623, 42.43819034784589, 39.11521443121589, 0.0, 38.600518131237564, 106.30145812734649, 105.38500842150178, 188.09572031282372, 146.4137971640651, 131.84839779079607, 309.3169895107606, 360.6508006368487, 373.28005572224185, 174.94284781036347, 250.88842141477951, 271.67075661542964, 304.4552512274998], [348.28149534536, 296.97137909232936, 284.1020943252619, 98.41239759298622, 59.405386961116584, 59.413803110051795, 286.09439001839934, 286.1835075611451, 242.2973379961076, 258.68127106537884, 264.2460974167831, 56.293871780150276, 52.952809179494906, 38.600518131237564, 0.0, 131.03434664239754, 129.87686476043376, 197.75237040298657, 157.64834283937145, 155.36408851468863, 340.1190967881692, 391.2198870200747, 403.63349712331853, 204.12006270820123, 260.2556435507211, 258.00193797721755, 295.05423230314796], [363.7938976948349, 335.83626963149766, 342.566781810496, 105.152270541344, 117.80067911519016, 107.20074626605917, 344.3544685349676, 344.8028422156639, 255.36248745655655, 273.4264069178396, 269.6738771182704, 144.5856147754679, 141.9929575718458, 106.30145812734649, 131.03434664239754, 0.0, 1.4142135623730951, 277.1425625918906, 236.31546711969574, 203.06649157357302, 338.9527990738533, 261.8415551435639, 273.99635034065693, 75.13321502504735, 157.95252451290546, 231.3547060251855, 249.6096953245206], [362.6789213615812, 334.5743564590687, 341.22426642898654, 103.77379245262264, 116.40017182117903, 105.80170130957252, 343.0131192826303, 343.4603324985289, 254.19677417308034, 272.26457720386617, 268.5702887513807, 143.83671297690307, 141.22322755127783, 105.38500842150178, 129.87686476043376, 1.4142135623730951, 0.0, 276.79956647364895, 235.92583580439003, 202.94334184693028, 339.53644870617353, 263.13684652666944, 275.2816739269071, 76.47875521999558, 158.04113388608675, 230.471256342304, 248.94376875109768], [538.7559744448315, 479.80204251336824, 455.80697669079177, 294.0833215264001, 257.1089263327899, 256.00781238079435, 457.7728694450994, 457.5904282215702, 436.95537529592195, 452.37373929086556, 459.7434066955175, 146.6594695203825, 150.23315213360866, 188.09572031282372, 197.75237040298657, 277.1425625918906, 276.79956647364895, 0.0, 41.773197148410844, 82.87339742040264, 211.06634028191232, 484.2860724819577, 497.22630662506185, 323.55679563254427, 433.2955111699174, 455.57985030069096, 491.1832651872415], [501.8655198357425, 444.85166066903696, 423.33083988766987, 253.00197627686626, 216.78099547700208, 215.23243250030885, 425.31517725094176, 425.19172146221285, 398.5285435197835, 414.31027020821, 421.01425154025367, 105.26157893552613, 108.85311203635843, 146.4137971640651, 157.64834283937145, 236.31546711969574, 235.92583580439003, 41.773197148410844, 0.0, 53.45091205957107, 220.85742007005334, 451.4000443065995, 464.3888456886104, 285.4400112107621, 391.9004975755964, 414.9216793564781, 449.9444410146657], [503.39050447937535, 451.88715405508043, 436.0045871318328, 240.75090861718465, 210.34495477667156, 206.24257562394823, 438.00456618624423, 438.0011415510238, 396.2852507979574, 413.09805131469693, 417.4685616905781, 99.14131328563285, 102.42070103255493, 131.84839779079607, 155.36408851468863, 203.06649157357302, 202.94334184693028, 82.87339742040264, 53.45091205957107, 0.0, 190.4337155022713, 401.52833025827704, 414.48039760644895, 242.78591392418136, 360.9722981061012, 402.94044224922374, 433.75684432640367], [682.1356170146813, 636.1768622010707, 623.9270790725467, 411.01338177728474, 388.8701582790842, 382.51405202946466, 625.9241168065023, 625.9792328823696, 572.6718082811481, 590.2855241321779, 591.8825897084657, 285.7726368986366, 288.62605564986677, 309.3169895107606, 340.1190967881692, 338.9527990738533, 339.53644870617353, 211.06634028191232, 220.85742007005334, 190.4337155022713, 0.0, 426.35665821000146, 437.50771421770384, 339.2020047110571, 484.48735793620045, 565.8922158856756, 588.2176467941097], [539.8675763555356, 541.4766846319424, 564.982300607727, 351.93181157718607, 376.5634076752546, 366.30724808553816, 566.4035663729528, 567.1066919019736, 452.10286440145455, 467.2740095490011, 454.80215478821117, 390.12049420659764, 388.6450823051798, 360.6508006368487, 391.2198870200747, 261.8415551435639, 263.13684652666944, 484.2860724819577, 451.4000443065995, 401.52833025827704, 426.35665821000146, 0.0, 13.0, 187.21645226849054, 236.3810483097154, 391.9004975755964, 375.6860391337426], [546.9369250654046, 549.945451840453, 574.2142457306331, 363.07712679264165, 388.2743875148089, 378.06084166440723, 575.6127170242158, 576.3271640309869, 460.5778978631085, 475.5333847376018, 462.7504727172086, 402.9553325121781, 401.4623269996825, 373.28005572224185, 403.63349712331853, 273.99635034065693, 275.2816739269071, 497.22630662506185, 464.3888456886104, 414.48039760644895, 437.50771421770384, 13.0, 0.0, 199.55199823604875, 243.55902775302746, 399.3106560060725, 381.812781347089], [410.5715528382355, 392.674165180242, 405.51325502380314, 173.9482681718907, 192.21342304844373, 181.69479904499192, 407.191601092164, 407.73520819276814, 306.95439400666675, 324.4456811239749, 317.19552329753964, 208.00961516237658, 206.0606706773517, 174.94284781036347, 204.12006270820123, 75.13321502504735, 76.47875521999558, 323.55679563254427, 285.4400112107621, 242.78591392418136, 339.2020047110571, 187.21645226849054, 199.55199823604875, 0.0, 148.06079832285116, 267.3200329193456, 273.045783706689], [303.48805577814755, 309.0711892105118, 338.20851556399344, 174.73408368146153, 214.7091055358389, 208.07931180201456, 339.40094283899685, 340.20288064624026, 220.32022149589446, 234.06195760951843, 220.16584657934573, 293.00170647967224, 289.836160614924, 250.88842141477951, 260.2556435507211, 157.95252451290546, 158.04113388608675, 433.2955111699174, 391.9004975755964, 360.9722981061012, 484.48735793620045, 236.3810483097154, 243.55902775302746, 148.06079832285116, 0.0, 155.80115532305913, 141.6756859873987], [148.52945835759317, 157.54681843820268, 194.4659353203023, 162.60996279441184, 198.600100704909, 199.6922632452244, 195.25624189766637, 196.17339269126177, 75.0, 83.64807230295268, 66.85057965343307, 310.16124838541646, 306.5566831762113, 271.67075661542964, 258.00193797721755, 231.3547060251855, 230.471256342304, 455.57985030069096, 414.9216793564781, 402.94044224922374, 565.8922158856756, 391.9004975755964, 399.3106560060725, 267.3200329193456, 155.80115532305913, 0.0, 47.853944456021594], [169.03549923019128, 194.23954283306992, 235.72229423624742, 197.1902634513175, 236.1778990506944, 235.77319610167734, 236.29853998702575, 237.25513693068902, 119.60351165413162, 124.66354719804824, 106.04244433244644, 344.68826495835333, 341.09382873338535, 304.4552512274998, 295.05423230314796, 249.6096953245206, 248.94376875109768, 491.1832651872415, 449.9444410146657, 433.75684432640367, 588.2176467941097, 375.6860391337426, 381.812781347089, 273.045783706689, 141.6756859873987, 47.853944456021594, 0.0]]
hc=[272.0, 272.0, 272.0, 272.0, 272.0]
d=[550.0, 810.0, 210.0, 210.0, 350.0, 200.0, 350.0, 200.0, 310.0, 500.0, 430.0, 300.0, 250.0, 250.0, 300.0, 290.0, 350.0, 500.0, 120.0, 150.0, 410.0, 250.0, 380.0, 100.0, 130.0, 200.0, 310.0]
K=4
#Q=2500
Q=2103